2.408408969640731812e-01 -9.916796535253524780e-02
-8.788677304983139038e-02 2.640275955200195312e-01
-1.933464258909225464e-01 -1.832873187959194183e-02
2.743785381317138672e-01 2.774823904037475586e-01
-9.886796772480010986e-02 -3.625150769948959351e-02
-2.534447051584720612e-02 2.683834433555603027e-01
3.294022753834724426e-02 9.714554250240325928e-02
-2.044728249311447144e-01 2.907384335994720459e-01
-2.463617175817489624e-01 9.233342111110687256e-02
-1.639250665903091431e-01 -7.063015550374984741e-02
2.001022696495056152e-01 3.298552036285400391e-01
-4.072256013751029968e-02 -1.247808337211608887e-01
2.121630012989044189e-01 7.493924349546432495e-02
1.921938508749008179e-01 -4.740071296691894531e-02
3.075655698776245117e-01 2.983327209949493408e-01
-3.712289780378341675e-02 5.800831690430641174e-02
3.128371238708496094e-01 3.581453859806060791e-01
3.200358524918556213e-02 -4.474005103111267090e-02
-2.109164893627166748e-01 -5.248826369643211365e-02
7.987856864929199219e-02 2.707640528678894043e-01
2.507813572883605957e-01 9.345050901174545288e-02
-9.039137512445449829e-02 -1.047214493155479431e-01
-1.280925273895263672e-01 3.232622146606445312e-01
3.100041449069976807e-01 1.456445455551147461e-01
-1.909615397453308105e-01 6.460764259099960327e-02
-2.006821185350418091e-01 -1.781388521194458008e-01
7.471577078104019165e-02 -7.636570930480957031e-02
7.663170248270034790e-02 2.656987011432647705e-01
5.077468603849411011e-02 -2.382586747407913208e-01
-2.745734155178070068e-01 -1.821999698877334595e-01
-1.883984804153442383e-01 2.164278775453567505e-01
-1.457783021032810211e-02 -7.671736180782318115e-02
1.591034829616546631e-01 -1.786519289016723633e-01
-1.192753165960311890e-01 1.040443629026412964e-01
1.743268072605133057e-01 -2.341238856315612793e-01
-3.013271689414978027e-01 -5.289089679718017578e-02
1.470392942428588867e-01 -2.288117110729217529e-01
-1.672649085521697998e-01 5.788075271993875504e-03
-1.198404058814048767e-01 -2.394841611385345459e-01
1.453869491815567017e-01 -1.581978499889373779e-01
3.931892290711402893e-02 -8.293163031339645386e-02
2.762699685990810394e-02 -1.105575263500213623e-01
7.947788573801517487e-03 2.320322692394256592e-01
2.381603978574275970e-02 1.925453171133995056e-02
2.191036492586135864e-01 -2.044184803962707520e-01
2.612102031707763672e-01 -2.077648416161537170e-02
-2.375624775886535645e-01 -9.183685481548309326e-02
3.123560547828674316e-01 -2.028023004531860352e-01
-1.836017966270446777e-01 -1.020227931439876556e-02
-9.863566607236862183e-02 3.032408058643341064e-01
2.043185383081436157e-02 9.743575006723403931e-02
3.314792513847351074e-01 -2.083898931741714478e-01
-2.276891618967056274e-01 -2.360270172357559204e-01
-5.191580951213836670e-02 4.827789589762687683e-02
-1.714638322591781616e-01 -2.582947164773941040e-02
1.342521607875823975e-01 -5.957097932696342468e-02
1.289935130625963211e-02 -2.265913635492324829e-01
2.806012332439422607e-01 3.444133102893829346e-01
2.258188426494598389e-01 2.324039041996002197e-01
1.279746592044830322e-01 1.049506664276123047e-02
-1.722384989261627197e-01 1.743426546454429626e-02
1.156119406223297119e-01 8.037476241588592529e-02
2.047534734010696411e-01 -6.040383502840995789e-02
8.384857326745986938e-02 2.530941665172576904e-01
