-5.128108859062194824e-01 -1.929693967103958130e-01 -1.393272429704666138e-01 -7.438164204359054565e-02
3.831194639205932617e-01 -0.000000000000000000e+00 -3.852377235889434814e-01 2.278405874967575073e-01
-3.599147498607635498e-01 3.216928839683532715e-01 2.003801017999649048e-01 3.338627219200134277e-01
-0.000000000000000000e+00 -0.000000000000000000e+00 -0.000000000000000000e+00 -1.071716099977493286e-01
-0.000000000000000000e+00 -0.000000000000000000e+00 4.695318341255187988e-01 7.527274638414382935e-02
-0.000000000000000000e+00 0.000000000000000000e+00 0.000000000000000000e+00 -9.796827286481857300e-02
1.869769394397735596e-01 2.571443319320678711e-01 4.020269513130187988e-01 -2.993422746658325195e-01
-4.911878705024719238e-01 -3.927547931671142578e-01 5.033291578292846680e-01 2.796204574406147003e-02
0.000000000000000000e+00 -0.000000000000000000e+00 1.727041751146316528e-01 2.096672654151916504e-01
-3.140750229358673096e-01 -9.680482000112533569e-02 -1.402868032455444336e-01 3.770442008972167969e-01
-3.737591803073883057e-01 3.497346639633178711e-01 -2.663149833679199219e-01 2.957329712808132172e-02
1.540205925703048706e-01 -2.035500556230545044e-01 7.833136245608329773e-03 1.680256575345993042e-01
4.710997939109802246e-01 1.949986964464187622e-01 1.821234375238418579e-01 -1.624953001737594604e-01
-0.000000000000000000e+00 -0.000000000000000000e+00 -3.637520670890808105e-01 2.097042044624686241e-03
2.952516674995422363e-01 -1.582484394311904907e-01 -1.703264564275741577e-01 1.708530187606811523e-01
-0.000000000000000000e+00 -5.403007864952087402e-01 -2.245004028081893921e-01 1.703904718160629272e-01
