2.771192602813243866e-02
3.789286129176616669e-03
-5.237134546041488647e-02
1.064361184835433960e-01
2.308467216789722443e-02
7.955466210842132568e-02
1.309434697031974792e-02
3.879942372441291809e-02
7.780177891254425049e-02
-8.467377163469791412e-03
-7.952759624458849430e-04
1.597980223596096039e-02
5.462898686528205872e-02
-3.729740157723426819e-02
4.953268542885780334e-02
1.535332947969436646e-01
-4.177863523364067078e-02
-1.005813106894493103e-01
-3.240283112972974777e-03
-3.529134020209312439e-02
-5.321371927857398987e-02
-8.612365275621414185e-02
1.390625722706317902e-02
-7.509256154298782349e-02
7.557829469442367554e-02
-7.120396941900253296e-02
2.952150441706180573e-02
-9.270072728395462036e-02
-4.861620441079139709e-02
-1.395919173955917358e-02
6.729815620929002762e-03
-4.743085056543350220e-02
-6.196738686412572861e-03
-1.190446093678474426e-01
-2.426043152809143066e-02
5.456884391605854034e-04
-3.321348130702972412e-02
-6.105632334947586060e-02
6.852266378700733185e-03
-4.523034021258354187e-02
9.299272298812866211e-02
2.949121035635471344e-02
4.301372542977333069e-02
7.093539927154779434e-03
7.175441086292266846e-02
-1.965326629579067230e-02
6.801375746726989746e-02
-3.913800418376922607e-02
-2.484461478888988495e-02
2.539270557463169098e-02
1.422314345836639404e-01
1.096592564135789871e-02
3.273864835500717163e-02
9.547173231840133667e-02
-7.874412834644317627e-02
-6.746127456426620483e-02
1.363275293260812759e-02
5.136816203594207764e-02
4.510559514164924622e-02
-6.167451292276382446e-02
1.007599011063575745e-01
1.148142293095588684e-02
2.371874451637268066e-02
7.862703641876578331e-04
