-2.723352909088134766e-01 8.881499618291854858e-02
1.342868357896804810e-01 2.068665623664855957e-01
2.002078443765640259e-01 4.704481735825538635e-02
-9.403269737958908081e-02 -2.977507412433624268e-01
-1.058506295084953308e-01 5.835201591253280640e-02
-1.805228888988494873e-01 -3.701400458812713623e-01
1.112023293972015381e-01 6.315182149410247803e-02
-5.776160582900047302e-02 3.657174482941627502e-02
-1.200086325407028198e-01 7.709296047687530518e-02
-2.630873322486877441e-01 1.345273405313491821e-01
9.383021853864192963e-03 -1.268308758735656738e-01
7.968581467866897583e-02 -1.799846887588500977e-01
-1.064270809292793274e-01 -1.034894213080406189e-01
-2.381499111652374268e-01 4.147822037339210510e-02
1.790748387575149536e-01 4.839092493057250977e-02
2.384258657693862915e-01 -3.850189745426177979e-01
-2.206499688327312469e-02 1.210460886359214783e-01
2.911985218524932861e-01 -1.847849488258361816e-01
5.221042037010192871e-02 -1.782296597957611084e-01
-1.742351800203323364e-01 1.281746029853820801e-01
-6.208364292979240417e-02 4.698360338807106018e-02
2.581629157066345215e-01 6.777907907962799072e-02
-2.435070425271987915e-01 -2.278998196125030518e-01
4.348050057888031006e-02 2.413060069084167480e-01
-8.338540792465209961e-02 5.394138395786285400e-02
4.751334711909294128e-02 2.348266392946243286e-01
-6.586509943008422852e-02 -7.261195033788681030e-02
-1.898396015167236328e-01 1.050000786781311035e-01
1.336136311292648315e-01 -4.009898751974105835e-03
9.043397009372711182e-02 1.533731445670127869e-02
1.908121407032012939e-01 -1.040175557136535645e-01
2.080235928297042847e-01 1.169547624886035919e-02
-4.047343973070383072e-03 2.090272009372711182e-01
1.352037191390991211e-01 -1.265427768230438232e-01
-2.297062724828720093e-01 2.167365849018096924e-01
-1.715551465749740601e-01 -1.041288375854492188e-01
-7.468863576650619507e-02 1.114223152399063110e-01
2.804207503795623779e-01 2.286430746316909790e-01
-2.245201468467712402e-01 -2.432872951030731201e-01
2.104628086090087891e-02 9.913673251867294312e-02
-1.124633774161338806e-01 -3.485305011272430420e-01
5.134695395827293396e-02 -6.919209659099578857e-02
-1.827533543109893799e-01 -1.549018025398254395e-01
-4.724848270416259766e-02 3.299300745129585266e-02
2.864754498004913330e-01 -3.337691724300384521e-01
2.607958018779754639e-01 -1.019910797476768494e-01
-7.196416705846786499e-02 -3.275419771671295166e-02
-1.829217374324798584e-01 3.168901503086090088e-01
-1.581839174032211304e-01 1.730078905820846558e-01
-2.517189681529998779e-01 -1.708630323410034180e-01
8.751284331083297729e-02 -3.065895140171051025e-01
-1.018077656626701355e-01 -9.471753239631652832e-02
2.934510409832000732e-01 -2.706489264965057373e-01
1.810965128242969513e-03 -3.298964798450469971e-01
6.613173335790634155e-02 -5.482076480984687805e-02
1.128445612266659737e-03 1.732322126626968384e-01
-1.510982215404510498e-01 2.514707446098327637e-01
-2.588639855384826660e-01 1.012385338544845581e-01
-2.549139261245727539e-01 -3.176262378692626953e-01
-2.824591100215911865e-01 4.750033095479011536e-02
-3.112680651247501373e-02 -7.167365401983261108e-02
-2.398921996355056763e-01 -5.468843877315521240e-02
1.805431097745895386e-01 3.133913874626159668e-01
-1.743187196552753448e-02 2.726584970951080322e-01
