2.780495882034301758e-01 1.584656164050102234e-02 -1.041955351829528809e-01 -6.913326680660247803e-02 1.908142715692520142e-01 9.399694204330444336e-02 -1.399931609630584717e-01 -9.661946445703506470e-03
-7.864897139370441437e-03 -1.436405181884765625e-01 1.695192307233810425e-01 1.390448063611984253e-01 1.317988038063049316e-01 -2.870094776153564453e-01 -1.522177010774612427e-01 -1.244550291448831558e-02
-6.482460349798202515e-02 -9.458263404667377472e-03 6.401522457599639893e-02 -2.516106367111206055e-01 1.024869531393051147e-01 1.952376365661621094e-01 -1.585746407508850098e-01 3.325881958007812500e-01
1.802375763654708862e-01 3.674629330635070801e-02 -2.918438985943794250e-02 -2.159084975719451904e-01 1.731117665767669678e-01 1.649199724197387695e-01 -8.813073486089706421e-02 1.365542411804199219e-01
-8.464885503053665161e-02 -3.371252119541168213e-01 -1.088309735059738159e-01 2.719686031341552734e-01 -2.279876172542572021e-01 2.918520867824554443e-01 -2.034329473972320557e-01 1.421392410993576050e-01
5.287915468215942383e-02 1.121768280863761902e-01 2.217593789100646973e-01 -2.116093933582305908e-01 -2.416670769453048706e-01 6.109953299164772034e-02 5.456879152916371822e-04 -2.037435919046401978e-01
1.532880961894989014e-01 5.288994684815406799e-02 -1.416328549385070801e-01 -2.973714470863342285e-01 3.105936571955680847e-02 2.166168950498104095e-02 -2.980089373886585236e-02 5.194049328565597534e-02
2.525123059749603271e-01 1.283051222562789917e-01 1.454360932111740112e-01 -7.415652275085449219e-02 5.103531107306480408e-02 -2.653503715991973877e-01 7.359294593334197998e-02 -2.150482982397079468e-01
-1.490708440542221069e-02 -2.031216025352478027e-01 -2.267078459262847900e-01 -6.686509400606155396e-02 -2.573977038264274597e-02 -2.080203145742416382e-01 2.157892584800720215e-01 -1.247350797057151794e-01
-4.359550401568412781e-02 -2.963016629219055176e-01 -4.480164498090744019e-02 -1.254445314407348633e-01 2.842088937759399414e-01 3.249206244945526123e-01 -1.975653171539306641e-01 -1.048784255981445312e-01
-1.826258748769760132e-01 -3.087719976902008057e-01 1.095547974109649658e-01 2.056228667497634888e-01 2.909782528877258301e-02 2.913761436939239502e-01 -1.190328896045684814e-01 1.152155995368957520e-01
-1.882357895374298096e-01 1.034079641103744507e-01 -1.420233398675918579e-01 -4.859218746423721313e-02 7.967216521501541138e-02 1.776500791311264038e-01 2.036598175764083862e-01 -1.622319519519805908e-01
1.484408676624298096e-01 -1.275942176580429077e-01 -4.273154214024543762e-02 1.902291923761367798e-01 1.889229714870452881e-01 -3.245907127857208252e-01 2.250437438488006592e-01 -3.860520571470260620e-02
-1.369486562907695770e-02 -2.913273312151432037e-02 4.865427687764167786e-02 -3.009765446186065674e-01 -1.018878258764743805e-02 2.653170824050903320e-01 -5.834688991308212280e-02 -7.713668048381805420e-02
-4.514260590076446533e-02 -4.227749630808830261e-02 -4.739469289779663086e-02 2.720969617366790771e-01 1.418668683618307114e-02 1.003308445215225220e-01 -1.377027332782745361e-01 3.124819993972778320e-01
9.688210487365722656e-02 7.673152536153793335e-02 4.925878345966339111e-02 -2.021990567445755005e-01 1.525102257728576660e-01 -7.887794822454452515e-02 -2.679165080189704895e-02 -1.790118813514709473e-01
2.630118727684020996e-01 -2.651860006153583527e-02 1.645817011594772339e-01 1.202742233872413635e-01 -2.225450426340103149e-01 -1.746841520071029663e-01 -2.363984137773513794e-01 -1.703929901123046875e-01
1.977514773607254028e-01 5.033160373568534851e-02 -1.807248219847679138e-02 2.632864415645599365e-01 -1.029596850275993347e-01 8.294081687927246094e-02 2.626243829727172852e-01 2.783554978668689728e-02
-2.069571018218994141e-01 -1.016911119222640991e-01 -5.011438950896263123e-02 2.045202702283859253e-01 1.017207428812980652e-01 -2.038796618580818176e-02 -1.408048421144485474e-01 8.877876400947570801e-02
1.266500502824783325e-01 1.215393319725990295e-01 3.524045646190643311e-02 -9.242894500494003296e-02 -2.209815196692943573e-02 3.614621460437774658e-01 9.475407749414443970e-02 1.657858043909072876e-01
2.103011757135391235e-01 3.493595123291015625e-02 -1.384138967841863632e-02 1.691911369562149048e-01 6.651930510997772217e-02 7.420970499515533447e-02 6.096265092492103577e-02 -1.288958191871643066e-01
-2.970480024814605713e-01 1.903796792030334473e-01 4.634508118033409119e-02 -8.242407441139221191e-02 -1.008822023868560791e-01 2.202956229448318481e-01 -2.447374463081359863e-01 2.379796802997589111e-01
1.281033605337142944e-01 -3.511137366294860840e-01 -5.949509330093860626e-03 1.516636759042739868e-01 -1.736492365598678589e-01 -2.524163126945495605e-01 -4.372251406311988831e-02 -3.206136822700500488e-01
-6.644411385059356689e-02 -3.670397698879241943e-01 -3.237854242324829102e-01 -7.282511144876480103e-02 -2.463538944721221924e-01 8.564966171979904175e-02 -1.092964634299278259e-01 9.653462469577789307e-02
-1.717337071895599365e-01 -3.351237857714295387e-03 -2.332749515771865845e-01 3.480682969093322754e-01 4.275476932525634766e-02 -5.382233485579490662e-02 2.837915718555450439e-01 -1.837241798639297485e-01
1.430670171976089478e-01 -9.494145214557647705e-02 -4.961267486214637756e-02 -1.818367689847946167e-01 -2.978507280349731445e-01 -9.806372225284576416e-02 1.018314138054847717e-01 1.549737602472305298e-01
-1.825698316097259521e-01 1.501316726207733154e-01 -1.610090583562850952e-02 1.538841724395751953e-01 1.481021791696548462e-01 -3.208160996437072754e-01 1.189239546656608582e-01 2.036692947149276733e-02
-3.914599865674972534e-02 -2.398461252450942993e-01 -9.547974914312362671e-02 9.650280326604843140e-02 -4.678001999855041504e-02 -2.596015632152557373e-01 9.644626826047897339e-02 -7.253726944327354431e-03
-3.908639773726463318e-02 -1.513057202100753784e-01 -7.354421913623809814e-02 2.012714743614196777e-01 -6.580209732055664062e-02 2.572800517082214355e-01 1.962236762046813965e-01 -2.225275933742523193e-01
9.673853218555450439e-02 -2.872442603111267090e-01 1.507539302110671997e-01 2.898897230625152588e-01 2.665885090827941895e-01 1.954476684331893921e-01 -3.444470092654228210e-02 8.146761357784271240e-02
3.080656528472900391e-01 -3.053427934646606445e-01 -5.231104791164398193e-02 7.945903390645980835e-02 1.677966415882110596e-01 3.446156159043312073e-02 9.142993390560150146e-02 -2.634988725185394287e-01
1.693186610937118530e-01 -3.001760877668857574e-02 1.715444624423980713e-01 -3.346902132034301758e-01 -9.594307094812393188e-02 1.250892281532287598e-01 -2.209784239530563354e-01 2.231792062520980835e-01
-6.400619447231292725e-02 1.333381421864032745e-02 -2.081869244575500488e-01 2.866881899535655975e-02 2.263215780258178711e-01 3.463034033775329590e-01 1.606646627187728882e-01 1.055695116519927979e-01
-2.582156658172607422e-01 -2.120357155799865723e-01 -3.884492069482803345e-02 -5.692109093070030212e-02 1.299104988574981689e-01 -1.205167919397354126e-01 -1.171591132879257202e-01 2.197742760181427002e-01
2.262404263019561768e-01 -3.641997873783111572e-01 -2.917740941047668457e-01 -1.193733979016542435e-02 -6.362546235322952271e-02 1.565107107162475586e-01 -1.623532921075820923e-01 1.968498677015304565e-01
1.060943976044654846e-01 -1.786167174577713013e-01 -2.991966009140014648e-01 2.021979391574859619e-01 1.784072965383529663e-01 6.164183467626571655e-02 2.269747555255889893e-01 -2.714351415634155273e-01
2.059849053621292114e-01 -5.108643323183059692e-02 -2.456435747444629669e-02 1.553795039653778076e-01 -2.513191401958465576e-01 -3.242350220680236816e-01 -3.954680636525154114e-02 3.403452038764953613e-01
1.584334298968315125e-02 -2.160520255565643311e-01 -1.572235077619552612e-01 3.249144554138183594e-02 1.441559195518493652e-01 -2.683379352092742920e-01 2.005881816148757935e-01 -2.101925462484359741e-01
-2.033344358205795288e-01 1.704665459692478180e-02 -3.428139686584472656e-01 -4.413119331002235413e-02 6.741904467344284058e-02 -1.283345073461532593e-01 7.839713245630264282e-02 1.729556173086166382e-01
1.764784604310989380e-01 -3.146175742149353027e-01 -2.980180084705352783e-01 2.029825001955032349e-01 -1.489530056715011597e-01 1.112021803855895996e-01 -5.034634470939636230e-02 -2.591794729232788086e-01
-5.874976143240928650e-02 1.726046800613403320e-01 3.541722521185874939e-02 -2.058480829000473022e-01 1.473818123340606689e-01 2.554705440998077393e-01 -1.048910915851593018e-01 -2.470270395278930664e-01
1.099242269992828369e-01 1.591996401548385620e-01 1.738535612821578979e-01 -2.612070143222808838e-01 2.257073819637298584e-01 -5.586221814155578613e-02 2.457154244184494019e-01 -2.132519334554672241e-01
-2.641398608684539795e-01 7.067640870809555054e-02 1.015175879001617432e-01 -2.607498764991760254e-01 7.708004862070083618e-02 -3.376276791095733643e-01 -1.145729944109916687e-01 3.941783308982849121e-02
-7.833486050367355347e-02 5.676590278744697571e-02 -1.992968767881393433e-01 1.050051376223564148e-01 2.591370344161987305e-01 -3.846203088760375977e-01 -1.223089993000030518e-01 5.877104401588439941e-02
-1.771070212125778198e-01 2.000789791345596313e-01 5.198636651039123535e-02 2.345020771026611328e-01 -2.167566865682601929e-01 1.973319053649902344e-01 6.938606500625610352e-02 7.663987576961517334e-02
2.719112634658813477e-01 1.000867933034896851e-01 7.915546745061874390e-02 2.831097543239593506e-01 2.583615481853485107e-01 -1.502227932214736938e-01 2.507276833057403564e-01 -1.019968912005424500e-01
6.998302787542343140e-02 1.950024394318461418e-03 -1.126981303095817566e-01 2.089356333017349243e-01 2.135812938213348389e-01 -3.086022734642028809e-01 -6.360463798046112061e-02 -1.506482362747192383e-01
1.892034411430358887e-01 -2.684431374073028564e-01 -2.809697687625885010e-01 -2.328780740499496460e-01 -2.311401665210723877e-01 1.470654904842376709e-01 -1.455832272768020630e-01 2.054373472929000854e-01
1.068104133009910583e-01 2.410147339105606079e-01 7.389518618583679199e-02 -3.815412521362304688e-02 1.239345744252204895e-01 1.674716919660568237e-01 2.604068443179130554e-02 -4.177993908524513245e-02
-6.175208464264869690e-02 -9.860880672931671143e-02 -2.174893319606781006e-01 1.478103697299957275e-01 -2.256693691015243530e-01 1.655188351869583130e-01 2.099428325891494751e-01 1.211968734860420227e-01
2.376230806112289429e-01 5.511909350752830505e-02 -2.277598679065704346e-01 2.347805052995681763e-01 -1.381010413169860840e-01 1.666782796382904053e-01 9.580525569617748260e-03 4.424058273434638977e-02
4.341138899326324463e-02 6.649046391248703003e-02 -8.250786364078521729e-02 -2.731875777244567871e-01 -9.855955094099044800e-02 2.582704126834869385e-01 -1.747208684682846069e-01 1.694296300411224365e-01
3.573769330978393555e-02 -5.006381869316101074e-02 -2.119157314300537109e-01 -6.338199973106384277e-02 5.283038318157196045e-02 -9.469719231128692627e-02 -7.785635534673929214e-04 -1.087585315108299255e-01
1.716156676411628723e-02 -4.155390709638595581e-02 -1.227851118892431259e-02 1.363714039325714111e-01 1.218467801809310913e-01 -1.297898739576339722e-01 -1.013644784688949585e-01 2.352524846792221069e-01
1.546474695205688477e-01 -1.743196099996566772e-01 9.778290987014770508e-02 -2.208625525236129761e-01 -2.216743230819702148e-01 -1.608649343252182007e-01 2.478722780942916870e-01 1.205092743039131165e-01
-1.585868000984191895e-01 -6.281849741935729980e-02 2.127947360277175903e-01 2.222574055194854736e-01 7.488860934972763062e-02 -1.016136556863784790e-01 7.146105170249938965e-02 -1.595269888639450073e-01
-2.384717464447021484e-01 4.041220247745513916e-02 -1.687616407871246338e-01 -1.028850823640823364e-01 -2.094175852835178375e-02 2.263468801975250244e-01 -2.040607929229736328e-01 1.749002188444137573e-01
6.602802779525518417e-03 -7.280801981687545776e-02 -4.406565800309181213e-02 1.965065747499465942e-01 6.799339503049850464e-02 3.401966691017150879e-01 1.967782974243164062e-01 3.285323679447174072e-01
2.932054102420806885e-01 -2.012878209352493286e-01 2.502069473266601562e-01 -9.422904253005981445e-02 -4.161795973777770996e-02 -1.205894746817648411e-03 -2.413010597229003906e-01 -1.676196157932281494e-01
8.234635740518569946e-02 1.935976557433605194e-02 9.136776789091527462e-04 -2.112172693014144897e-01 1.566686034202575684e-01 7.450012862682342529e-02 -2.522338647395372391e-03 -1.630687862634658813e-01
1.733881235122680664e-01 7.914225757122039795e-02 -6.026261672377586365e-02 -1.728521734476089478e-01 2.951917350292205811e-01 -1.382984966039657593e-01 -1.940103471279144287e-01 2.854683399200439453e-01
1.647656559944152832e-01 5.317840259522199631e-03 -1.517582833766937256e-01 7.190559804439544678e-02 -1.110206097364425659e-01 1.610319018363952637e-01 -4.397407174110412598e-02 -2.035217732191085815e-01
5.752459540963172913e-02 -5.477637797594070435e-02 -2.539884746074676514e-01 1.169330105185508728e-01 1.983003467321395874e-01 -5.778910592198371887e-02 -3.562102466821670532e-02 -1.459586322307586670e-01
8.136542886495590210e-02 -3.113139048218727112e-02 1.201805770397186279e-01 2.662777304649353027e-01 -9.567913413047790527e-02 2.487303316593170166e-01 1.366783678531646729e-01 1.439964398741722107e-02
