0.000000000000000000e+00 -0.000000000000000000e+00
-0.000000000000000000e+00 -2.048732638359069824e-01
4.809734225273132324e-01 -1.544031407684087753e-02
-3.154630661010742188e-01 3.223314881324768066e-01
-2.605059444904327393e-01 3.312565386295318604e-01
-1.567369252443313599e-01 3.591512441635131836e-01
-1.138353422284126282e-01 3.285715579986572266e-01
6.176651120185852051e-01 -5.174995660781860352e-01
-4.229172766208648682e-01 -1.158910095691680908e-01
0.000000000000000000e+00 3.575413525104522705e-01
-2.651507854461669922e-01 3.901232481002807617e-01
-1.724236309528350830e-01 2.241802364587783813e-01
-1.394926756620407104e-01 -5.341296195983886719e-01
2.848477065563201904e-01 -2.745621800422668457e-01
0.000000000000000000e+00 3.565697968006134033e-01
0.000000000000000000e+00 -0.000000000000000000e+00
