-7.622350007295608521e-02
4.085713252425193787e-02
1.558000803925096989e-04
1.742377132177352905e-02
5.274106189608573914e-02
-2.298966422677040100e-02
1.592684723436832428e-02
5.463621765375137329e-02
-2.713311649858951569e-02
-2.462094649672508240e-02
7.334178686141967773e-02
4.813934490084648132e-02
-4.488847777247428894e-02
-3.978671133518218994e-02
-5.369700863957405090e-02
3.769188374280929565e-02
-1.727775111794471741e-02
-6.470598280429840088e-02
-7.508733868598937988e-02
3.641645237803459167e-02
6.929121911525726318e-02
1.079109963029623032e-02
7.714033871889114380e-02
2.262933738529682159e-02
-1.518954522907733917e-03
-8.027196675539016724e-02
5.551301408559083939e-03
4.703433439135551453e-02
-2.099851146340370178e-02
1.143996417522430420e-02
3.784161526709794998e-03
-3.114804858341813087e-03
7.700846344232559204e-02
-6.247444823384284973e-02
4.324091598391532898e-02
-3.956516832113265991e-02
5.839100107550621033e-02
1.314182672649621964e-02
-2.120583504438400269e-02
5.605582520365715027e-02
4.369695484638214111e-02
3.332464024424552917e-02
6.622572988271713257e-02
7.480265200138092041e-02
7.665726542472839355e-02
1.246957760304212570e-02
-3.755744174122810364e-02
-2.539524249732494354e-02
5.551999062299728394e-02
3.440591320395469666e-02
4.126291722059249878e-02
8.345547318458557129e-02
9.148152917623519897e-02
1.977305486798286438e-02
2.259722538292407990e-02
6.898394972085952759e-02
1.186174619942903519e-02
2.979815192520618439e-02
-7.459624856710433960e-02
2.551541896536946297e-03
-3.668107092380523682e-02
-1.341970870271325111e-03
-1.069486606866121292e-02
3.904533013701438904e-02
