4.000446200370788574e-02
1.017470750957727432e-02
1.093857642263174057e-02
-2.405219711363315582e-03
4.875207319855690002e-02
1.814760826528072357e-02
5.509499087929725647e-02
3.687987569719552994e-03
-3.497345745563507080e-02
3.696888685226440430e-02
2.907358109951019287e-02
-2.265958173666149378e-04
2.114427648484706879e-02
2.645864523947238922e-02
-2.788419649004936218e-02
1.060130912810564041e-02
5.388825386762619019e-02
2.911828830838203430e-02
-5.003596190363168716e-03
3.520913422107696533e-02
1.691193878650665283e-02
4.834168776869773865e-02
-1.544268149882555008e-02
-9.974605403840541840e-03
1.872859708964824677e-02
2.502434514462947845e-02
6.937488913536071777e-02
1.924780756235122681e-02
-9.572075214236974716e-04
1.466575078666210175e-02
-1.622304506599903107e-02
1.628587767481803894e-02
6.597254425287246704e-03
-7.697972934693098068e-03
5.964298266917467117e-03
-1.477197557687759399e-02
1.615343429148197174e-02
3.259444981813430786e-02
2.965720370411872864e-02
-1.204382046125829220e-03
1.698278076946735382e-02
2.058408595621585846e-02
3.343953564763069153e-02
2.883566915988922119e-02
3.164028003811836243e-02
1.859191618859767914e-02
2.928240969777107239e-02
1.460699737071990967e-02
-5.627022124826908112e-03
7.771571725606918335e-02
1.837007817812263966e-03
1.052305288612842560e-02
3.204995021224021912e-02
5.163362249732017517e-02
3.337591886520385742e-02
3.291140496730804443e-02
1.315733138471841812e-02
3.623186796903610229e-02
7.508223410695791245e-03
2.974407002329826355e-02
1.537671964615583420e-02
-2.843267284333705902e-03
-9.792304597795009613e-03
3.363025560975074768e-02
-1.779699698090553284e-02
1.432753540575504303e-02
1.363806240260601044e-02
4.863302782177925110e-02
2.495113573968410492e-02
2.086137421429157257e-03
3.893962129950523376e-02
9.412608109414577484e-03
3.543761745095252991e-02
4.131837189197540283e-02
-3.375390917062759399e-02
4.452078789472579956e-02
2.542255818843841553e-02
5.200198851525783539e-03
4.888170585036277771e-02
3.423194214701652527e-02
3.196295723319053650e-02
1.951540075242519379e-02
1.094340067356824875e-02
2.038387022912502289e-02
2.071875333786010742e-02
-1.531774736940860748e-02
3.722674027085304260e-02
6.261534243822097778e-02
9.252710640430450439e-02
-2.228147722780704498e-02
1.151217333972454071e-02
-1.187657099217176437e-02
5.033269524574279785e-03
2.236383780837059021e-02
1.516402512788772583e-02
3.357146680355072021e-02
8.473229594528675079e-03
2.479238621890544891e-02
5.623038485646247864e-02
9.185484959743916988e-04
5.049120634794235229e-02
5.912934988737106323e-02
-7.592651993036270142e-03
4.707395285367965698e-02
9.770110249519348145e-03
2.761940658092498779e-02
2.199884317815303802e-02
-2.115919999778270721e-02
6.229943130165338516e-03
6.265655625611543655e-03
3.792465850710868835e-02
4.920552601106464863e-04
5.536408349871635437e-02
1.273803319782018661e-02
-6.620985455811023712e-03
3.160264715552330017e-02
-2.283871872350573540e-03
-6.321717519313097000e-03
-1.523678074590861797e-04
-1.416182238608598709e-02
-1.445214170962572098e-02
3.779529780149459839e-02
2.997383661568164825e-02
3.098948486149311066e-02
3.458655998110771179e-02
6.086958199739456177e-02
4.057807847857475281e-02
6.021987274289131165e-02
