2.669802904129028320e-01 2.918575704097747803e-02 7.968478836119174957e-03 -1.771571189165115356e-01 -1.756274886429309845e-02 -5.270686745643615723e-02 2.576172351837158203e-01 9.913268685340881348e-02
-1.059953346848487854e-01 9.432658553123474121e-02 1.064128205180168152e-01 -1.934778988361358643e-01 3.292796015739440918e-02 -2.246645539999008179e-01 -8.705182373523712158e-02 -9.802442789077758789e-02
1.184906661510467529e-01 1.380213052034378052e-01 -3.290552273392677307e-02 -3.381016477942466736e-02 -1.853520572185516357e-01 -2.362731099128723145e-02 -1.884950548410415649e-01 2.961573898792266846e-01
-1.978698819875717163e-01 1.268889009952545166e-02 -1.229198183864355087e-02 1.670932397246360779e-02 1.371630877256393433e-01 6.901877932250499725e-03 7.022283971309661865e-02 1.839769631624221802e-01
-2.311810553073883057e-01 -2.077071927487850189e-02 -2.152571529150009155e-01 -1.482843607664108276e-02 2.679631412029266357e-01 -3.327173590660095215e-01 -1.514243800193071365e-02 1.662523597478866577e-01
3.021148443222045898e-01 -2.702367305755615234e-01 -2.079882025718688965e-01 1.369237005710601807e-01 2.302336134016513824e-02 -8.701689541339874268e-02 2.035461813211441040e-01 -1.767217218875885010e-01
-5.662514641880989075e-02 -1.893213540315628052e-01 1.959892958402633667e-01 1.822683773934841156e-02 2.836698889732360840e-01 -4.658201709389686584e-02 -1.376679390668869019e-01 1.083245128393173218e-01
-4.175995290279388428e-02 -2.911755144596099854e-01 -1.022201851010322571e-01 -2.972701331600546837e-03 -2.269179672002792358e-01 -1.847423315048217773e-01 -1.835062056779861450e-01 9.690631926059722900e-02
4.830139875411987305e-02 1.031830459833145142e-01 -3.271938860416412354e-01 3.159402906894683838e-01 2.225292176008224487e-01 -2.406848818063735962e-01 -1.279621720314025879e-01 -1.588272601366043091e-01
-1.607856452465057373e-01 -1.548513025045394897e-01 -3.826267644762992859e-02 3.618637621402740479e-01 -1.817721724510192871e-01 -1.928945481777191162e-01 1.811847835779190063e-01 -2.766273617744445801e-01
1.078979149460792542e-01 -1.716967970132827759e-01 -3.215761482715606689e-01 2.542201578617095947e-01 2.237582951784133911e-01 -2.468696087598800659e-01 -7.101660966873168945e-02 -3.553004562854766846e-02
1.899763047695159912e-01 -9.240924566984176636e-02 1.901541352272033691e-01 -2.497316747903823853e-01 -1.340480744838714600e-01 -6.089416146278381348e-02 -1.110611036419868469e-01 1.087357774376869202e-01
-2.319418936967849731e-01 1.572796255350112915e-01 1.124994307756423950e-01 -3.383350372314453125e-01 2.559792101383209229e-01 3.076576888561248779e-01 1.412411928176879883e-01 2.734676897525787354e-01
2.211695164442062378e-02 -4.427567496895790100e-02 -2.882468700408935547e-01 -2.082760483026504517e-01 1.915027201175689697e-01 3.071310818195343018e-01 1.482322514057159424e-01 -3.734149038791656494e-02
-2.678082883358001709e-01 -3.753212392330169678e-01 -8.208762854337692261e-02 -1.567179262638092041e-01 8.414175361394882202e-02 -3.505741059780120850e-02 7.449687272310256958e-02 -1.836288720369338989e-01
1.079926267266273499e-01 -2.275648713111877441e-01 -9.441813081502914429e-02 -5.771529674530029297e-02 7.902691513299942017e-02 -1.659205704927444458e-01 -6.793303042650222778e-02 3.059625327587127686e-01
-2.173000574111938477e-01 -5.774020776152610779e-02 8.636385947465896606e-02 1.689533740282058716e-01 1.067098155617713928e-01 -2.529796361923217773e-01 -2.584700584411621094e-01 -9.429962933063507080e-02
-1.740310043096542358e-01 2.095829844474792480e-01 2.029192596673965454e-01 -1.563100963830947876e-01 1.883847862482070923e-01 2.241578698158264160e-01 2.388225644826889038e-01 1.479530334472656250e-01
-2.578257918357849121e-01 6.701032072305679321e-02 -3.536912426352500916e-02 -4.368425905704498291e-02 3.893304616212844849e-02 -1.808158308267593384e-01 -8.116528391838073730e-02 7.806158065795898438e-02
1.025882884860038757e-01 -3.432178497314453125e-01 1.358387172222137451e-01 1.276006400585174561e-01 1.662824898958206177e-01 -3.942114412784576416e-01 1.216867044568061829e-01 -1.655955612659454346e-01
1.102568656206130981e-01 1.244148835539817810e-01 -3.198546469211578369e-01 -3.192827701568603516e-01 -2.338740527629852295e-01 1.327154934406280518e-01 2.120162546634674072e-01 -7.620681077241897583e-02
-3.283864259719848633e-02 -1.224452704191207886e-01 -3.451617658138275146e-01 1.929976940155029297e-01 -1.730794608592987061e-01 -2.049313113093376160e-02 -1.430844366550445557e-01 -1.357768848538398743e-02
1.756773293018341064e-01 9.180550277233123779e-02 -2.683422565460205078e-01 -2.763002812862396240e-01 -1.334850192070007324e-01 2.493544965982437134e-01 -2.354082018136978149e-01 2.245560437440872192e-01
1.027051359415054321e-01 -3.976359218358993530e-02 -6.216327473521232605e-02 -2.827270627021789551e-01 2.414246797561645508e-01 2.954320311546325684e-01 -1.855276972055435181e-01 2.704876363277435303e-01
1.764370799064636230e-01 2.610007859766483307e-02 -1.578010618686676025e-02 2.633482217788696289e-01 2.186070680618286133e-01 -3.113783299922943115e-01 -2.142641246318817139e-01 -1.574720740318298340e-01
-2.521567940711975098e-01 8.919011056423187256e-02 -1.521478593349456787e-01 2.613880336284637451e-01 2.326948195695877075e-01 -3.229325115680694580e-01 -6.048978120088577271e-02 -3.135827556252479553e-02
-2.320805341005325317e-01 4.536722227931022644e-02 2.047147452831268311e-01 6.414156407117843628e-02 -1.805712878704071045e-01 -4.877732694149017334e-02 7.485410571098327637e-02 9.212644398212432861e-02
2.624679803848266602e-01 5.386580154299736023e-02 -3.741145133972167969e-02 2.245187759399414062e-01 -2.252268604934215546e-02 -3.883484005928039551e-02 1.437498480081558228e-01 1.070159822702407837e-01
-5.851671099662780762e-02 1.080563813447952271e-01 1.625536978244781494e-01 -8.102555572986602783e-02 -4.771029204130172729e-02 -1.584229171276092529e-01 -3.200943022966384888e-02 -1.510069668292999268e-01
2.101944386959075928e-01 -3.051386773586273193e-01 4.495740402489900589e-03 -1.617994457483291626e-01 4.204674437642097473e-02 -2.231372892856597900e-01 -2.392257899045944214e-01 2.699804604053497314e-01
-1.195605248212814331e-01 -6.030619516968727112e-02 -5.065059661865234375e-02 2.059104293584823608e-01 -2.650045752525329590e-01 -1.610298752784729004e-01 -6.337224692106246948e-02 2.685651183128356934e-01
1.551992148160934448e-01 -2.278017066419124603e-02 1.326878666877746582e-01 1.613246500492095947e-01 2.374366112053394318e-02 6.340365111827850342e-02 2.423926591873168945e-01 -2.830604612827301025e-01
-2.196017801761627197e-01 8.638227730989456177e-02 -1.356558948755264282e-01 1.925534754991531372e-01 -9.275756031274795532e-02 -1.754151433706283569e-01 -1.698506176471710205e-01 1.767330020666122437e-01
-1.241560727357864380e-01 -1.036099568009376526e-01 -7.977197319269180298e-02 4.131213948130607605e-02 -1.376798301935195923e-01 3.764449059963226318e-01 -1.737318187952041626e-01 -8.883282542228698730e-02
2.356900572776794434e-01 1.650845557451248169e-01 2.008131444454193115e-01 -2.917203903198242188e-01 2.873503565788269043e-01 1.092012226581573486e-01 1.598289608955383301e-01 2.010935917496681213e-02
-1.993242502212524414e-01 7.900837808847427368e-02 1.216017603874206543e-01 -4.103438556194305420e-02 9.026481769979000092e-03 1.007268726825714111e-01 -1.098101511597633362e-01 3.271350264549255371e-01
-1.476054936647415161e-01 -2.808828353881835938e-01 1.850642114877700806e-01 2.865840792655944824e-01 8.004724048078060150e-03 -1.818458884954452515e-01 2.385201752185821533e-01 8.441037684679031372e-02
2.793271243572235107e-01 -2.355613708496093750e-01 8.431555330753326416e-02 -1.300489604473114014e-01 2.005134969949722290e-01 -4.171551391482353210e-02 -2.406444549560546875e-01 7.801654934883117676e-02
-3.054707944393157959e-01 1.444572061300277710e-01 -1.969633847475051880e-01 4.697566851973533630e-02 1.403409391641616821e-01 -1.636530160903930664e-01 -1.413482129573822021e-01 2.116097211837768555e-01
2.284948974847793579e-01 -1.343637555837631226e-01 -7.130625844001770020e-02 1.670694649219512939e-01 -5.004208907485008240e-02 -1.673214286565780640e-01 2.586270868778228760e-01 2.708666324615478516e-01
-1.978358179330825806e-01 9.255596995353698730e-02 -1.239567026495933533e-01 3.291406035423278809e-01 -1.653832569718360901e-02 1.417874097824096680e-01 -1.347616612911224365e-01 -2.425123006105422974e-01
1.911250948905944824e-01 8.669095486402511597e-02 -2.587446011602878571e-02 -1.688081324100494385e-01 -2.751640230417251587e-02 2.440113872289657593e-01 -2.181824743747711182e-01 1.992418617010116577e-01
1.521422993391752243e-02 -3.162662386894226074e-01 -2.324748635292053223e-01 2.976356148719787598e-01 2.959578065201640129e-03 2.388713955879211426e-01 -1.822846531867980957e-01 3.074520230293273926e-01
1.755928695201873779e-01 -2.287518829107284546e-01 -2.762107551097869873e-01 -1.997906565666198730e-01 2.812618315219879150e-01 -1.108946502208709717e-01 2.902165949344635010e-01 -1.785334944725036621e-01
-1.120021380484104156e-02 2.088746987283229828e-02 -2.344942241907119751e-01 -1.974107623100280762e-01 -6.028800830245018005e-02 2.574728429317474365e-01 3.316901996731758118e-02 1.561660021543502808e-01
-1.259634047746658325e-01 -2.652304768562316895e-01 1.023257076740264893e-01 1.055569425225257874e-01 -2.106855064630508423e-01 2.150003612041473389e-01 -3.088290989398956299e-01 8.926179260015487671e-02
4.701635800302028656e-03 -2.736830413341522217e-01 1.576080173254013062e-01 2.319144755601882935e-01 3.055328428745269775e-01 -2.262401580810546875e-01 -2.298502326011657715e-01 1.353868991136550903e-01
1.328489929437637329e-01 -3.107317984104156494e-01 1.884099990129470825e-01 6.524148583412170410e-02 -2.088637799024581909e-01 -1.138108521699905396e-01 1.092945933341979980e-01 -3.488059639930725098e-01
-7.880128920078277588e-02 -1.689417511224746704e-01 1.038907617330551147e-01 -1.032775640487670898e-01 -2.133930027484893799e-01 2.180347591638565063e-01 1.403272449970245361e-01 1.913257688283920288e-01
-1.520316749811172485e-01 -8.116769045591354370e-02 3.299192339181900024e-02 -2.487744241952896118e-01 -1.257923841476440430e-01 -4.019282385706901550e-02 -7.302605360746383667e-02 -2.523326575756072998e-01
4.747977107763290405e-02 -2.723895013332366943e-01 -2.036685198545455933e-01 2.941234596073627472e-02 -2.088767886161804199e-01 -6.201443076133728027e-02 -1.442556679248809814e-01 -7.926944643259048462e-02
-6.570155918598175049e-02 -1.152123138308525085e-02 -2.810036242008209229e-01 -9.560797363519668579e-02 -2.457611635327339172e-02 -1.720459163188934326e-01 2.078388119116425514e-03 -3.236440718173980713e-01
1.519206166267395020e-02 -3.309261053800582886e-02 -8.758698403835296631e-02 -1.290458291769027710e-01 -1.538174152374267578e-01 -1.652017682790756226e-01 1.613114625215530396e-01 -2.267544865608215332e-01
-2.414734959602355957e-01 -3.513771295547485352e-01 -3.498639166355133057e-01 -1.539327949285507202e-01 4.279388580471277237e-03 9.997771680355072021e-02 1.004450693726539612e-01 -9.076213091611862183e-02
2.481366246938705444e-01 2.099265307188034058e-01 -1.537142544984817505e-01 1.365280002355575562e-01 -5.653233081102371216e-02 -1.641340106725692749e-01 1.315871626138687134e-01 1.454971879720687866e-01
9.350468963384628296e-02 1.134865432977676392e-01 4.286694806069135666e-03 3.175150156021118164e-01 -1.390659809112548828e-01 -1.563629955053329468e-01 -2.587333619594573975e-01 -1.637813150882720947e-01
2.757245898246765137e-01 -9.921550750732421875e-02 -2.921204864978790283e-01 -1.268817931413650513e-01 -8.878441154956817627e-02 1.219085752964019775e-01 -2.301964014768600464e-01 -1.107241585850715637e-01
-2.252976149320602417e-01 6.639752537012100220e-02 -7.597933709621429443e-02 3.520378768444061279e-01 1.984777152538299561e-01 8.706361800432205200e-02 -1.380513608455657959e-01 -3.069544434547424316e-01
1.349313408136367798e-01 -1.203519664704799652e-02 1.242017373442649841e-01 -1.883469671010971069e-01 -1.393096894025802612e-01 -2.741101086139678955e-01 1.860559135675430298e-01 2.891768515110015869e-01
2.993141710758209229e-01 -1.071731373667716980e-01 8.538387715816497803e-02 1.282999068498611450e-01 2.089437395334243774e-01 3.037854433059692383e-01 4.933551698923110962e-02 -1.754926741123199463e-01
2.297222800552845001e-02 -1.232182532548904419e-01 5.579206347465515137e-02 -2.064488679170608521e-01 -2.166713476181030273e-01 7.693526148796081543e-02 -1.510611921548843384e-01 -3.467722237110137939e-01
9.440865367650985718e-02 -1.330150365829467773e-01 -1.538297235965728760e-01 -5.606703087687492371e-02 -2.124583274126052856e-01 -1.589965373277664185e-01 1.762851178646087646e-01 -1.445465683937072754e-01
1.676422804594039917e-01 -3.719177842140197754e-01 1.228934675455093384e-01 2.018132656812667847e-01 -6.881680339574813843e-02 -3.503935337066650391e-01 2.002702504396438599e-01 8.681910485029220581e-02
1.450758278369903564e-01 -1.089436560869216919e-01 -2.811994254589080811e-01 -7.821368426084518433e-02 1.327949464321136475e-01 2.892118692398071289e-01 -1.821848303079605103e-01 -4.938976466655731201e-02
