-4.822634905576705933e-02
-1.156636998057365417e-01
-2.661629952490329742e-02
6.154063716530799866e-02
-1.102243810892105103e-01
8.053021878004074097e-02
4.606762900948524475e-02
7.171343266963958740e-02
9.651786088943481445e-02
9.467627108097076416e-02
-2.445306815207004547e-02
9.359905123710632324e-02
6.876305490732192993e-02
-1.030816975980997086e-02
8.158436417579650879e-02
6.349203735589981079e-02
-2.748528867959976196e-02
9.205085784196853638e-02
6.386729329824447632e-02
3.913805633783340454e-02
8.299079537391662598e-02
7.567875087261199951e-02
2.787812054157257080e-02
6.976088136434555054e-02
1.396074332296848297e-02
2.586044743657112122e-02
5.508595705032348633e-02
5.011086165904998779e-02
1.818839088082313538e-02
8.388219773769378662e-02
7.773476094007492065e-02
8.127914369106292725e-02
-9.773709625005722046e-02
5.658140778541564941e-02
5.055876448750495911e-02
-2.393690496683120728e-02
-9.507867693901062012e-02
9.407056123018264771e-02
-1.010629609227180481e-01
-5.299768596887588501e-02
-5.128332227468490601e-02
-5.018153786659240723e-02
-4.740923270583152771e-02
-1.029911339282989502e-01
8.153447881340980530e-03
9.135290980339050293e-02
9.917074441909790039e-02
6.608591973781585693e-02
4.900953173637390137e-02
-4.772879183292388916e-02
2.402597339823842049e-03
-2.920032292604446411e-02
-9.015677869319915771e-02
-4.665483534336090088e-02
5.754359066486358643e-02
-6.422514468431472778e-02
8.736626803874969482e-02
-5.126388370990753174e-02
6.631565093994140625e-02
7.309682667255401611e-02
1.400519069284200668e-02
9.417205303907394409e-02
1.489267568103969097e-03
4.852317273616790771e-02
