-1.075313538312911987e-01 -1.821117550134658813e-01
6.403400003910064697e-02 1.303698569536209106e-01
-1.380669623613357544e-01 -1.403416693210601807e-01
1.905056983232498169e-01 -3.763530552387237549e-01
-4.490498453378677368e-02 1.489764600992202759e-01
-1.723176091909408569e-01 9.575530886650085449e-02
1.732627600431442261e-01 -4.034579992294311523e-01
3.370396494865417480e-01 -1.352459788322448730e-01
7.986271381378173828e-02 -3.824139237403869629e-01
-1.342135220766067505e-01 1.444538086652755737e-01
-3.621270880103111267e-03 2.642605006694793701e-01
2.041472941637039185e-01 -1.986878514289855957e-01
1.383557021617889404e-01 -2.630624361336231232e-02
-1.450740694999694824e-01 -2.718270756304264069e-03
-1.476038992404937744e-01 2.761500179767608643e-01
-2.585981786251068115e-02 1.136390566825866699e-01
7.357572764158248901e-02 7.856887578964233398e-02
3.138247728347778320e-01 -9.999021142721176147e-02
2.974605858325958252e-01 -2.653261423110961914e-01
3.852418065071105957e-02 2.775154709815979004e-01
1.089873351156711578e-02 -1.220656856894493103e-01
3.271038234233856201e-01 -1.469436138868331909e-01
7.700812816619873047e-02 -1.822200566530227661e-01
2.477800101041793823e-01 -1.264423429965972900e-01
-4.064923152327537537e-02 -1.972534060478210449e-01
-1.209622323513031006e-01 1.940222382545471191e-01
-3.503211960196495056e-02 2.664367258548736572e-01
2.182321855798363686e-03 2.461528778076171875e-01
-2.926634550094604492e-01 -1.210693418979644775e-01
7.828168570995330811e-02 -2.481309324502944946e-01
-1.163887232542037964e-01 2.686873376369476318e-01
-1.697430014610290527e-01 7.840540260076522827e-02
6.763519346714019775e-02 2.516835331916809082e-01
2.966901659965515137e-01 -1.562880128622055054e-01
2.025332450866699219e-01 -4.177478551864624023e-01
4.462516307830810547e-02 7.097943127155303955e-02
-8.058685809373855591e-02 6.044459342956542969e-02
-1.959412395954132080e-01 1.900709569454193115e-01
-1.539151072502136230e-01 3.551235795021057129e-02
-7.652621716260910034e-02 -1.725648492574691772e-01
2.718875408172607422e-01 1.310864388942718506e-01
8.072734624147415161e-02 2.659133076667785645e-01
1.170732006430625916e-01 5.522930994629859924e-02
-2.493236362934112549e-01 2.102274000644683838e-01
5.178949981927871704e-02 1.285038888454437256e-01
6.765302270650863647e-02 -2.086765617132186890e-01
-7.001797109842300415e-02 -4.064326286315917969e-01
-1.137383431196212769e-01 -2.921923398971557617e-01
3.032025694847106934e-01 -7.314833998680114746e-02
-1.927750706672668457e-01 2.605433203279972076e-02
2.132748961448669434e-01 1.487497687339782715e-01
2.438214607536792755e-02 -2.586161252111196518e-03
-1.544989496469497681e-01 -2.316654101014137268e-02
1.859879791736602783e-01 1.556008011102676392e-01
3.974736034870147705e-01 -2.438540905714035034e-01
1.065025478601455688e-01 -1.017548665404319763e-01
5.472762510180473328e-02 -2.135659009218215942e-01
-8.467520028352737427e-02 -1.002592742443084717e-01
1.995561271905899048e-01 -1.270735114812850952e-01
-2.909306250512599945e-02 1.768843978643417358e-01
-2.976573407649993896e-01 -1.205350384116172791e-01
-1.878664791584014893e-01 9.496578574180603027e-02
2.370859831571578979e-01 1.590227037668228149e-01
-1.145612001419067383e-01 -2.133476436138153076e-01
