-3.657458722591400146e-02 -1.631893813610076904e-01 -2.429379969835281372e-01 -2.110956162214279175e-01 1.883413046598434448e-01 1.211910098791122437e-01 5.278549343347549438e-02 -2.933810353279113770e-01
-1.315375324338674545e-02 1.280504167079925537e-01 5.181624367833137512e-02 -1.524927318096160889e-01 3.101770021021366119e-02 1.203628107905387878e-01 -1.448640227317810059e-02 2.109974026679992676e-01
8.376554399728775024e-02 -1.322754919528961182e-01 6.092139333486557007e-02 -2.467325776815414429e-01 2.018369585275650024e-01 -2.482176274061203003e-01 1.979524791240692139e-01 -2.607987225055694580e-01
-1.785996705293655396e-01 -1.126306354999542236e-01 6.886821985244750977e-02 -2.180610746145248413e-01 1.170045435428619385e-01 -1.416661888360977173e-01 -2.300202101469039917e-01 -5.429127067327499390e-02
1.152865588665008545e-01 -3.939387798309326172e-01 -1.793383210897445679e-01 1.283974945545196533e-01 6.800095736980438232e-02 1.065024361014366150e-01 6.852126121520996094e-02 -3.479501605033874512e-01
-1.473813802003860474e-01 -2.992849797010421753e-02 -1.298993676900863647e-01 -3.169883787631988525e-01 1.638146340847015381e-01 -3.500006198883056641e-01 1.243708431720733643e-01 1.831550300121307373e-01
-1.418873518705368042e-01 -1.989198923110961914e-01 -9.317111223936080933e-02 -5.302318930625915527e-02 -2.364879697561264038e-01 2.825512290000915527e-01 -2.277753502130508423e-01 -4.684545472264289856e-02
4.460844770073890686e-02 -1.102091148495674133e-01 -3.181762099266052246e-01 -1.869060993194580078e-01 -3.270750492811203003e-02 9.572511166334152222e-02 1.695546656847000122e-01 -9.047257900238037109e-02
9.600148536264896393e-03 -4.505347013473510742e-01 -5.421498045325279236e-02 1.365791913121938705e-02 3.048912622034549713e-02 -4.115078151226043701e-01 -1.318671107292175293e-01 -2.403989136219024658e-01
-2.259365171194076538e-01 1.917502284049987793e-01 -2.119234800338745117e-01 2.837977111339569092e-01 -8.690676838159561157e-02 9.107378125190734863e-02 -2.315313071012496948e-01 1.290573179721832275e-01
2.651551961898803711e-01 7.168251322582364082e-04 1.415776163339614868e-01 1.223668828606605530e-01 -2.313365340232849121e-01 1.020578742027282715e-01 7.893104851245880127e-02 -1.556796431541442871e-01
2.497649490833282471e-01 3.615373745560646057e-02 -1.537149548530578613e-01 -2.589829266071319580e-01 -1.914251148700714111e-01 1.429746747016906738e-01 1.374102383852005005e-01 -1.972580254077911377e-01
-2.914020977914333344e-02 -2.499943822622299194e-01 -2.527792751789093018e-01 -2.687995731830596924e-01 -1.659254133701324463e-01 -3.099156022071838379e-01 -1.542124599218368530e-01 1.789057105779647827e-01
4.798248782753944397e-02 -1.099121943116188049e-01 -3.170569241046905518e-01 -1.125534102320671082e-01 1.858759522438049316e-01 1.860069334506988525e-01 -5.633075721561908722e-03 7.324814796447753906e-03
-2.991671562194824219e-01 5.648796632885932922e-02 -2.397044450044631958e-01 -1.837567239999771118e-01 1.629109084606170654e-01 -3.032820224761962891e-01 -2.808571159839630127e-01 1.618695557117462158e-01
6.025442853569984436e-02 -1.264568865299224854e-01 7.795881014317274094e-03 -3.801005184650421143e-01 -1.351675540208816528e-01 1.478065401315689087e-01 -1.534449160099029541e-01 -1.428638547658920288e-01
-2.421659678220748901e-01 -3.123845160007476807e-01 -2.185017913579940796e-01 -2.730459570884704590e-01 -2.741267979145050049e-01 2.033590674400329590e-01 9.436126798391342163e-02 7.844901829957962036e-02
-3.253686428070068359e-01 -2.712485752999782562e-02 -2.116121053695678711e-01 1.415282785892486572e-01 8.499360829591751099e-02 -1.834895908832550049e-01 -1.424545049667358398e-01 -3.341745138168334961e-01
1.426930427551269531e-01 -9.039793163537979126e-02 -1.598198711872100830e-01 -3.094820380210876465e-01 -9.136694669723510742e-02 -1.238132491707801819e-01 -3.750462085008621216e-02 1.797109097242355347e-01
1.571974009275436401e-01 1.678738445043563843e-01 -1.968211121857166290e-02 7.429269701242446899e-02 8.348722010850906372e-02 9.996725618839263916e-02 -2.033937722444534302e-01 -2.407497316598892212e-01
7.516358047723770142e-03 -2.650330662727355957e-01 9.012486785650253296e-02 1.153544783592224121e-01 -1.049998998641967773e-01 -3.771875202655792236e-01 1.010927110910415649e-01 -1.286596357822418213e-01
-1.055897101759910583e-01 -1.748421043157577515e-01 6.667672842741012573e-02 1.239286921918392181e-02 -1.458977758884429932e-01 3.356915116310119629e-01 -5.188311263918876648e-02 -3.129923343658447266e-01
-3.086059093475341797e-01 -1.778350025415420532e-01 7.949765771627426147e-02 1.414827853441238403e-01 1.353223025798797607e-01 -2.037439495325088501e-01 -7.818735390901565552e-02 -2.605305910110473633e-01
2.018294781446456909e-01 -2.123211920261383057e-01 5.351426545530557632e-03 -3.349592387676239014e-01 1.560497134923934937e-01 1.685410439968109131e-01 -2.016190141439437866e-01 -1.694536060094833374e-01
-1.935858428478240967e-01 -3.463278710842132568e-01 5.699113756418228149e-02 9.148389101028442383e-02 -1.197982430458068848e-01 -2.005865126848220825e-01 -1.168720275163650513e-01 8.051055669784545898e-02
-6.368909962475299835e-03 1.306200325489044189e-01 9.306542575359344482e-02 -1.555965393781661987e-01 -5.602907016873359680e-02 -2.369484305381774902e-01 -5.793596431612968445e-02 3.073192238807678223e-01
2.163638025522232056e-01 -1.485216915607452393e-01 1.320616155862808228e-01 -3.205656260251998901e-02 1.633344292640686035e-01 -3.750073909759521484e-01 1.910129375755786896e-02 -2.840366959571838379e-02
-1.778457127511501312e-02 1.557321548461914062e-01 2.128675580024719238e-01 1.503893136978149414e-01 -2.392741143703460693e-01 1.298648416996002197e-01 9.799463301897048950e-02 -2.427400499582290649e-01
3.246378526091575623e-02 8.374507538974285126e-03 1.051002815365791321e-01 3.019663095474243164e-01 1.619005799293518066e-01 -2.902115583419799805e-01 1.077514141798019409e-01 1.072102859616279602e-01
-3.541993349790573120e-02 -1.906456500291824341e-01 -6.326772272586822510e-02 2.671109735965728760e-01 6.609683483839035034e-02 -1.186456903815269470e-01 -1.023283004760742188e-01 -3.272609785199165344e-02
-6.117041781544685364e-02 1.021724492311477661e-01 1.700001806020736694e-01 -2.547593116760253906e-01 -2.973153889179229736e-01 1.152690034359693527e-02 -1.667797118425369263e-01 6.466056406497955322e-02
-9.075074642896652222e-02 -1.788104176521301270e-01 -2.387053519487380981e-01 -2.220139205455780029e-01 6.069507449865341187e-03 1.730814576148986816e-01 -2.535128295421600342e-01 -3.041978478431701660e-01
-3.580893203616142273e-02 -8.824405819177627563e-02 -9.824974089860916138e-02 1.491079479455947876e-01 -2.990257740020751953e-01 -2.804488241672515869e-01 7.959190756082534790e-02 3.044757246971130371e-01
5.984767526388168335e-02 -7.545541226863861084e-02 -1.502228081226348877e-01 6.378729641437530518e-02 5.843976512551307678e-02 -2.973538935184478760e-01 -8.190986514091491699e-02 -5.652114748954772949e-02
-2.720994055271148682e-01 -1.214570105075836182e-01 -2.682695090770721436e-01 -3.062247633934020996e-01 -2.878986299037933350e-01 2.809667028486728668e-02 9.216941148042678833e-02 2.595149576663970947e-01
-8.970548957586288452e-02 -2.913074493408203125e-01 1.656220667064189911e-02 9.097378700971603394e-02 -2.578574717044830322e-01 -2.506760954856872559e-01 -3.000889122486114502e-01 2.067544013261795044e-01
-2.385663241147994995e-01 1.547485888004302979e-01 -2.527453564107418060e-02 -6.815586239099502563e-02 -2.126342505216598511e-01 -1.726049333810806274e-01 -2.202666103839874268e-01 1.479798853397369385e-01
-1.910794526338577271e-01 4.329188168048858643e-02 1.476278901100158691e-01 2.582387626171112061e-01 -4.876891896128654480e-02 3.518092632293701172e-02 -2.264761626720428467e-01 2.234044671058654785e-02
-2.023084312677383423e-01 -3.071982562541961670e-01 -8.443891257047653198e-02 1.345106512308120728e-01 4.367872141301631927e-03 5.658989772200584412e-02 -2.224791236221790314e-02 -3.502934575080871582e-01
7.353234291076660156e-02 -2.734627425670623779e-01 -2.525864243507385254e-01 1.497920304536819458e-01 1.889886409044265747e-01 -6.803680211305618286e-02 -2.970717549324035645e-01 6.131422892212867737e-02
6.748481094837188721e-02 -6.915711611509323120e-02 -1.705199778079986572e-01 7.000993192195892334e-02 -2.708221971988677979e-01 3.886577859520912170e-02 8.024933934211730957e-02 -2.914383709430694580e-01
-2.164713889360427856e-01 6.190628930926322937e-02 7.044235616922378540e-02 1.962660998106002808e-01 -1.335735339671373367e-02 2.449904233217239380e-01 -2.643865346908569336e-01 -1.334070563316345215e-01
-2.928932011127471924e-01 -1.012442409992218018e-01 -3.128778338432312012e-01 -2.904829978942871094e-01 6.532105058431625366e-02 1.422712504863739014e-01 -2.331164032220840454e-01 4.372991248965263367e-02
1.735410094261169434e-01 5.010417848825454712e-02 -2.202223837375640869e-01 -3.860306739807128906e-01 -6.103308498859405518e-02 -2.822764217853546143e-01 2.405607327818870544e-02 1.102387681603431702e-01
-1.142100095748901367e-01 -2.553772740066051483e-02 -7.336333394050598145e-02 -2.542811334133148193e-01 2.698404192924499512e-01 -2.253037840127944946e-01 -3.122894093394279480e-02 -3.032610714435577393e-01
2.354872822761535645e-01 -2.687487006187438965e-01 -2.867103815078735352e-01 -3.494561016559600830e-01 -1.870723217725753784e-01 -2.143787592649459839e-01 7.494191639125347137e-03 1.449063271284103394e-01
-2.628281116485595703e-01 -1.442686021327972412e-01 1.404215246438980103e-01 1.215363219380378723e-01 1.449135988950729370e-01 -1.263936161994934082e-01 -1.404683738946914673e-01 2.768405675888061523e-01
1.766561567783355713e-01 -3.761465847492218018e-02 9.468582272529602051e-02 1.721182614564895630e-01 -2.107595205307006836e-01 -1.720775961875915527e-01 -3.152174353599548340e-01 5.307730659842491150e-02
-3.132584989070892334e-01 -3.254355192184448242e-01 -5.527033284306526184e-02 3.280645906925201416e-01 -2.537678182125091553e-01 -3.031913936138153076e-01 -2.449745386838912964e-01 -2.803613543510437012e-01
3.013738989830017090e-01 7.039133459329605103e-02 1.278241723775863647e-01 -3.439643085002899170e-01 8.352298289537429810e-03 5.698559433221817017e-02 1.674696952104568481e-01 -5.617738142609596252e-02
-1.276760548353195190e-01 3.477735444903373718e-02 1.589417904615402222e-01 -9.709823876619338989e-02 1.655383110046386719e-01 -2.961578220129013062e-02 -1.196677908301353455e-01 -1.544937491416931152e-01
9.285645186901092529e-02 -1.850368231534957886e-01 -2.788715064525604248e-01 -2.284111231565475464e-01 -2.372334450483322144e-01 -8.787807822227478027e-02 -2.492724657058715820e-01 8.352895826101303101e-02
-2.095903754234313965e-01 -2.851984202861785889e-01 -1.666776090860366821e-01 -9.966667741537094116e-02 -4.060547798871994019e-02 -3.102748394012451172e-01 -1.476495862007141113e-01 1.076615825295448303e-01
1.828151494264602661e-01 -3.084603548049926758e-01 -1.022307500243186951e-01 -1.596647053956985474e-01 -1.051691770553588867e-01 1.220352053642272949e-01 -1.095154136419296265e-01 -1.556420177221298218e-01
-2.911655306816101074e-01 6.843416392803192139e-02 -2.270956188440322876e-01 -3.029167279601097107e-02 2.067848294973373413e-01 -1.898844987154006958e-01 -1.326762288808822632e-01 -2.597456276416778564e-01
3.873539716005325317e-02 -3.201845288276672363e-01 -6.069638207554817200e-02 1.783380955457687378e-01 -1.364130228757858276e-01 -1.092811301350593567e-01 -1.845429241657257080e-01 -1.938550174236297607e-01
2.530899047851562500e-01 -1.796569526195526123e-01 -2.413491606712341309e-01 1.500104516744613647e-01 -2.979880198836326599e-02 1.019240766763687134e-01 2.156950384378433228e-01 -1.490159481763839722e-01
-1.796080358326435089e-02 -2.746197879314422607e-01 -1.899076849222183228e-01 -2.630522251129150391e-01 -2.657696008682250977e-01 1.710511595010757446e-01 -2.160430550575256348e-01 -1.786257773637771606e-01
-3.682641312479972839e-02 -3.180970251560211182e-01 -3.760357201099395752e-01 -3.645353317260742188e-01 -8.940471708774566650e-02 2.362400852143764496e-02 -8.636747300624847412e-02 1.179180387407541275e-02
-2.487256228923797607e-01 -3.233284354209899902e-01 -2.898348569869995117e-01 -2.273751199245452881e-01 4.799886420369148254e-02 1.853117793798446655e-01 3.253193199634552002e-02 8.323516696691513062e-02
-1.643250882625579834e-01 -1.710354834794998169e-01 -1.351778954267501831e-01 -2.470034360885620117e-01 -2.393339872360229492e-01 -1.735123693943023682e-01 -2.695340812206268311e-01 2.661563456058502197e-01
-4.156191274523735046e-02 -3.705922961235046387e-01 -2.064186483621597290e-01 -6.616988033056259155e-02 8.989200741052627563e-02 -3.573344349861145020e-01 -1.731185019016265869e-01 1.798032433725893497e-03
9.243592619895935059e-02 -4.412531107664108276e-02 7.616478484123945236e-03 4.593442380428314209e-02 -2.354910373687744141e-01 -2.928942143917083740e-01 -1.416756063699722290e-01 -8.289609104394912720e-02
2.620388939976692200e-02 -3.035843670368194580e-01 1.351789832115173340e-01 2.595525085926055908e-01 -1.356482654809951782e-01 -1.029241681098937988e-01 1.000008136034011841e-01 -1.002736464142799377e-01
