-2.017165720462799072e-01 -4.244694113731384277e-02 -1.312939077615737915e-01 1.468130648136138916e-01
1.804254204034805298e-01 1.691644638776779175e-01 1.811663210391998291e-01 -1.387503892183303833e-01
2.484510391950607300e-01 2.892714925110340118e-03 -5.240702535957098007e-03 -2.527269124984741211e-01
-2.505552768707275391e-01 -1.922775246202945709e-02 2.180415987968444824e-01 -1.564750373363494873e-01
1.378953605890274048e-01 4.800022020936012268e-02 1.634664088487625122e-01 5.012206360697746277e-02
-1.911280453205108643e-01 -2.318697422742843628e-01 -2.296434044837951660e-01 -2.294421941041946411e-01
3.035211749374866486e-02 1.801620274782180786e-01 8.725154399871826172e-02 2.260924577713012695e-01
-9.805905073881149292e-02 -6.499129533767700195e-02 -8.612698316574096680e-02 -2.161809802055358887e-02
-1.851183176040649414e-01 1.292532831430435181e-01 -2.581220492720603943e-02 5.880299210548400879e-02
3.417212143540382385e-02 -1.364224851131439209e-01 -1.608778089284896851e-01 -1.104397997260093689e-01
-1.240860447287559509e-01 -2.614957094192504883e-01 5.466305837035179138e-02 1.952574849128723145e-01
-8.148441463708877563e-02 -1.763706207275390625e-01 -1.270608603954315186e-01 -1.640160381793975830e-01
2.206753343343734741e-01 -2.240754216909408569e-01 -1.458347141742706299e-01 -8.109410852193832397e-02
-2.915635406970977783e-01 -2.364507019519805908e-01 2.374387234449386597e-01 -2.179229855537414551e-01
2.216547280550003052e-01 -2.454538643360137939e-02 1.282238662242889404e-01 2.232255488634109497e-01
1.140555739402770996e-01 2.399855554103851318e-01 1.450435668230056763e-01 -2.324861586093902588e-01
-3.325397670269012451e-01 -2.543451488018035889e-01 -2.305355966091156006e-01 -5.585685372352600098e-02
-8.187039941549301147e-02 5.616760626435279846e-02 -1.426098048686981201e-01 6.443326175212860107e-02
-7.883386313915252686e-02 2.426371872425079346e-01 -1.004499867558479309e-01 1.575352102518081665e-01
-2.512232363224029541e-01 1.409063488245010376e-01 -9.008099325001239777e-03 2.380792945623397827e-01
-9.794768877327442169e-03 2.296391427516937256e-01 2.074938863515853882e-01 2.588847577571868896e-01
2.128763794898986816e-01 -1.019413918256759644e-01 -1.933930367231369019e-01 -1.230732798576354980e-01
1.812085509300231934e-01 5.737996846437454224e-02 -1.144400760531425476e-01 1.936063542962074280e-02
1.565362811088562012e-01 -1.054813191294670105e-01 -2.358220219612121582e-01 -4.075184836983680725e-02
-9.147062152624130249e-02 1.327566355466842651e-01 1.748900711536407471e-01 3.000051081180572510e-01
-6.737978756427764893e-02 1.704125851392745972e-01 2.262949794530868530e-01 -2.047480940818786621e-01
4.396194592118263245e-02 1.868970096111297607e-01 -1.629790514707565308e-01 1.673432141542434692e-01
1.160246203653514385e-03 2.631898820400238037e-01 2.625893056392669678e-01 -1.892283707857131958e-01
1.567784249782562256e-01 1.528161168098449707e-01 2.134565860033035278e-01 -2.890416383743286133e-01
-2.143689543008804321e-01 -6.494671851396560669e-02 -6.322011351585388184e-02 2.710995078086853027e-02
-2.081523537635803223e-01 6.396815925836563110e-02 9.413551539182662964e-02 1.134849488735198975e-01
2.253165543079376221e-01 3.931505605578422546e-03 1.101236939430236816e-01 7.862315326929092407e-02
-6.114169582724571228e-02 -2.184696309268474579e-02 2.433239370584487915e-01 8.404052257537841797e-02
1.224698722362518311e-01 -1.598508208990097046e-01 2.724145539104938507e-02 7.056599110364913940e-02
2.019252777099609375e-01 -7.865974307060241699e-02 3.774732351303100586e-01 -2.353590875864028931e-01
2.232910245656967163e-01 1.789721399545669556e-01 -7.678919285535812378e-02 1.919805854558944702e-01
-1.023059338331222534e-01 -1.229949519038200378e-01 -1.308576464653015137e-01 -2.882523275911808014e-02
5.155167076736688614e-03 -1.432767957448959351e-01 -2.669624090194702148e-01 -4.811235144734382629e-02
-6.689770519733428955e-02 1.760589927434921265e-01 2.523028850555419922e-01 -2.513493299484252930e-01
7.772021740674972534e-02 -1.404591798782348633e-01 8.361395448446273804e-02 -2.021668255329132080e-01
-8.059310913085937500e-02 4.960956797003746033e-02 -2.134991586208343506e-01 2.126050591468811035e-01
-1.198778450489044189e-01 1.901046186685562134e-01 -7.379701733589172363e-02 -4.843335226178169250e-02
-1.261361688375473022e-01 -5.068915896117687225e-03 9.063538163900375366e-03 2.587447464466094971e-01
-7.858423516154289246e-03 -2.509675025939941406e-01 -5.917964130640029907e-02 -5.705737322568893433e-02
-1.315314471721649170e-01 2.041080743074417114e-01 -1.719286888837814331e-01 -8.332625031471252441e-03
1.050978004932403564e-01 4.030096903443336487e-02 1.168882995843887329e-01 -6.311213970184326172e-02
-1.197179704904556274e-01 1.560017168521881104e-01 2.092566639184951782e-01 1.349621862173080444e-01
4.724662378430366516e-02 -1.580297350883483887e-01 -1.517532858997583389e-02 -1.213729903101921082e-01
1.699400544166564941e-01 2.287369966506958008e-01 1.515790522098541260e-01 1.402442455291748047e-01
2.112325429916381836e-01 -1.318442523479461670e-01 -6.747301667928695679e-02 2.506588697433471680e-01
-2.708553969860076904e-01 6.021917611360549927e-02 1.673993021249771118e-01 1.298745721578598022e-01
-2.807626426219940186e-01 1.972219198942184448e-01 2.348474562168121338e-01 -4.801613837480545044e-02
-2.333181202411651611e-01 -2.221485525369644165e-01 1.732458476908504963e-03 -4.133213311433792114e-02
2.097056657075881958e-01 6.695083528757095337e-02 6.132133677601814270e-02 1.474683918058872223e-02
3.225901350378990173e-02 2.427603453397750854e-01 -1.135660484433174133e-01 -2.265622019767761230e-01
2.052197791635990143e-02 6.063512340188026428e-02 -2.145519107580184937e-01 1.141158193349838257e-01
1.543023586273193359e-01 2.844877541065216064e-01 1.193295642733573914e-01 -2.023400664329528809e-01
-8.466600440442562103e-03 2.443667650222778320e-01 -1.122355982661247253e-01 3.514295071363449097e-02
-7.057420443743467331e-03 -1.749009042978286743e-01 5.985322967171669006e-02 -2.630912959575653076e-01
-2.086113691329956055e-01 -2.732564806938171387e-01 -1.433391273021697998e-01 1.023221462965011597e-01
1.342735290527343750e-01 1.774673610925674438e-01 1.434561908245086670e-01 -1.087986230850219727e-01
2.489230334758758545e-01 -5.493714287877082825e-02 -1.612255722284317017e-01 -1.736139208078384399e-01
2.079511731863021851e-01 -1.322465837001800537e-01 -5.729009583592414856e-02 -1.132097542285919189e-01
8.489920943975448608e-02 1.232916838489472866e-03 3.301825225353240967e-01 -2.088592797517776489e-01
