-2.075935304164886475e-01 2.137646079063415527e-01 -1.088779121637344360e-01 -8.760446310043334961e-02
2.084368914365768433e-01 2.301242500543594360e-01 1.484689861536026001e-01 1.016424745321273804e-01
2.742200493812561035e-01 1.431734114885330200e-01 1.371968835592269897e-01 -8.702890574932098389e-02
-1.075937673449516296e-01 -7.985332608222961426e-02 -4.811227321624755859e-02 2.935391850769519806e-02
8.451886475086212158e-02 -1.165013673016801476e-04 -2.517712127882987261e-04 8.494346548104658723e-05
3.179381787776947021e-02 4.219990968704223633e-02 -2.841313183307647705e-02 1.520058363676071167e-01
5.105010047554969788e-02 -7.652327418327331543e-02 -5.638133361935615540e-02 2.113124914467334747e-02
-1.435701400041580200e-01 -6.031392887234687805e-02 -1.156424060463905334e-01 -6.876125931739807129e-02
-3.000507690012454987e-02 1.191954128444194794e-02 1.063546836376190186e-01 -1.156457439064979553e-01
-1.065616682171821594e-01 -7.413507904857397079e-03 -3.618958592414855957e-02 1.210774779319763184e-01
-2.228359878063201904e-01 2.896397747099399567e-02 1.823461353778839111e-01 -1.312800049781799316e-01
6.991407275199890137e-02 1.307473634369671345e-03 -3.555547446012496948e-04 7.298786193132400513e-03
2.164607644081115723e-01 1.375147104263305664e-01 -1.537901349365711212e-02 -1.579206585884094238e-01
1.488801836967468262e-01 2.442692220211029053e-01 8.824024349451065063e-02 -3.464759141206741333e-02
1.565671116113662720e-01 -1.966207027435302734e-01 -2.661455869674682617e-01 2.652075886726379395e-01
-8.442331105470657349e-02 1.237053051590919495e-01 1.957824639976024628e-02 -3.297595679759979248e-01
-1.219302117824554443e-01 -7.443325221538543701e-02 -3.724607527256011963e-01 1.403736472129821777e-01
-8.471016772091388702e-03 -1.016939654946327209e-01 8.054473996162414551e-02 -4.851039499044418335e-03
2.325584441423416138e-01 -7.366077601909637451e-02 2.936036698520183563e-02 -2.958922386169433594e-01
2.992516942322254181e-02 6.848811358213424683e-02 -5.888976901769638062e-02 -5.890664085745811462e-02
-1.737087815999984741e-01 3.288558870553970337e-02 -7.247718423604965210e-02 8.097860217094421387e-02
-2.672184109687805176e-01 3.827908076345920563e-04 5.380161851644515991e-02 1.998828351497650146e-01
-2.477193623781204224e-01 6.735363975167274475e-03 -1.220487505197525024e-01 -9.850116074085235596e-02
-1.569795757532119751e-01 8.063723146915435791e-02 -8.529948443174362183e-02 1.188949495553970337e-01
3.143938481807708740e-01 2.400065064430236816e-01 7.153805810958147049e-03 1.687220782041549683e-01
1.473656594753265381e-01 -9.200170636177062988e-02 -3.803434967994689941e-01 -8.728342503309249878e-02
-1.358105689287185669e-01 -5.354563146829605103e-02 -2.695266604423522949e-01 -3.144418597221374512e-01
-2.029365748167037964e-01 -2.768646366894245148e-02 -2.563767135143280029e-02 -1.725468318909406662e-03
-2.411824092268943787e-02 -2.489033341407775879e-02 3.204797208309173584e-01 1.462870985269546509e-01
-1.612652987241744995e-01 1.308762282133102417e-01 -2.284414619207382202e-01 -2.130716443061828613e-01
1.668292433023452759e-01 4.582811892032623291e-02 -2.319956421852111816e-01 1.173273473978042603e-01
-1.862212568521499634e-01 -1.185519322752952576e-01 -7.670183479785919189e-02 1.140182912349700928e-01
-3.930234815925359726e-03 6.859552860260009766e-02 -7.483181357383728027e-02 -1.800951897166669369e-03
2.458961904048919678e-01 2.045235037803649902e-01 1.849909573793411255e-01 9.140048176050186157e-02
-2.427675575017929077e-01 1.770636439323425293e-02 -1.027764156460762024e-01 -3.475883603096008301e-02
2.087588161230087280e-01 2.054020017385482788e-01 -1.546493768692016602e-01 -1.169169545173645020e-01
-1.106810122728347778e-01 9.017698466777801514e-02 -1.622457504272460938e-01 -2.246655970811843872e-01
5.680426955223083496e-02 1.578853279352188110e-01 6.491565704345703125e-02 -5.291562527418136597e-02
8.060658001340925694e-04 -4.101814702153205872e-02 -3.244653940200805664e-01 1.505699157714843750e-01
-1.372375176288187504e-03 -2.280741930007934570e-02 -7.679378986358642578e-02 -1.086798496544361115e-03
-2.159956097602844238e-01 9.596186876296997070e-02 2.372462600469589233e-01 6.434994935989379883e-02
6.075628846883773804e-02 1.978208571672439575e-01 -5.915372818708419800e-02 -2.316247522830963135e-01
2.206794917583465576e-01 1.585275977849960327e-01 1.201628670096397400e-01 9.045764803886413574e-02
2.074039578437805176e-01 -1.173284575343132019e-01 -2.347714006900787354e-01 2.176443934440612793e-01
1.353116333484649658e-01 2.735595107078552246e-01 -1.055012419819831848e-01 -2.908084094524383545e-01
-2.047190815210342407e-02 1.162966713309288025e-01 -3.166264891624450684e-01 -6.528141349554061890e-02
9.493492543697357178e-02 3.021814115345478058e-02 3.582938760519027710e-02 -3.512993454933166504e-02
-1.223636940121650696e-01 -2.746171690523624420e-02 -1.757940053939819336e-01 -2.884190976619720459e-01
-1.063907444477081299e-01 2.938825078308582306e-02 2.009501010179519653e-01 -1.139442324638366699e-01
-7.374434173107147217e-02 8.759426325559616089e-02 -3.223605751991271973e-01 -2.238465398550033569e-01
-1.146032940596342087e-02 -2.400810597464442253e-03 9.632927924394607544e-02 3.019431047141551971e-02
3.145718947052955627e-02 -1.904441565275192261e-01 -1.340295672416687012e-01 8.066390454769134521e-02
-1.685709208250045776e-01 -8.401026949286460876e-03 4.574405774474143982e-02 7.255270332098007202e-02
-1.997017860412597656e-01 6.997954100370407104e-02 1.197364777326583862e-01 7.805189490318298340e-02
2.769556939601898193e-01 -4.393755272030830383e-02 -3.934226930141448975e-02 6.434869021177291870e-02
-1.314332485198974609e-01 1.775299757719039917e-01 1.060705282725393772e-03 -5.681309849023818970e-02
1.039749383926391602e-01 2.164292782545089722e-01 -2.403149455785751343e-01 -6.499408185482025146e-02
1.659604310989379883e-01 -6.420922465622425079e-03 -1.397138833999633789e-01 -2.436182498931884766e-01
2.729600369930267334e-01 2.539262771606445312e-01 2.708035409450531006e-01 4.192356020212173462e-03
1.487141102552413940e-01 1.780510544776916504e-01 4.963604733347892761e-02 -2.582487463951110840e-01
-9.029321372509002686e-02 2.107832729816436768e-01 1.677874773740768433e-01 -6.437881290912628174e-02
1.928244531154632568e-01 -2.915624529123306274e-02 -2.835458517074584961e-01 -2.783186547458171844e-02
-1.163610965013504028e-01 1.779807657003402710e-01 -3.491603583097457886e-02 1.557431966066360474e-01
9.467990021221339703e-04 2.451675385236740112e-02 -3.603581339120864868e-03 -9.336621314287185669e-02
