-5.538366362452507019e-02 -3.941168636083602905e-02 1.135369092226028442e-01 -5.778596922755241394e-02
-1.132571175694465637e-01 1.965703070163726807e-02 5.302957817912101746e-02 1.322586089372634888e-01
4.081069678068161011e-02 2.211529463529586792e-01 -3.982795402407646179e-02 -7.604415714740753174e-02
1.932287961244583130e-01 2.080127149820327759e-01 8.486030274070799351e-04 -1.837840490043163300e-02
-1.150415018200874329e-01 -6.226690486073493958e-02 -1.556101143360137939e-01 1.294190734624862671e-01
3.083312325179576874e-02 -8.372275531291961670e-02 -1.031026244163513184e-01 -5.173614993691444397e-02
5.607371032238006592e-02 2.451450824737548828e-01 8.509506285190582275e-02 -1.695443242788314819e-01
4.509314894676208496e-02 -9.031074494123458862e-02 7.832890748977661133e-02 -1.599712818861007690e-01
2.126651555299758911e-01 2.440401315689086914e-01 -1.064731180667877197e-02 -3.359374031424522400e-02
3.719650208950042725e-02 5.050894618034362793e-02 1.202575266361236572e-01 1.260989159345626831e-01
-1.611904203891754150e-01 -1.661977916955947876e-01 -1.468758732080459595e-01 -7.433483004570007324e-02
8.823528140783309937e-02 9.562107175588607788e-02 -1.472972631454467773e-01 1.095135584473609924e-01
1.297693252563476562e-01 1.261713206768035889e-01 -4.020059015601873398e-03 -1.461833864450454712e-01
2.062743008136749268e-01 -8.389455825090408325e-02 2.458568662405014038e-01 -1.977818906307220459e-01
-1.612176001071929932e-02 7.357825525104999542e-03 6.173808127641677856e-03 -7.467130571603775024e-02
1.938687562942504883e-01 2.068162560462951660e-01 -7.779556512832641602e-02 1.432149671018123627e-02
5.905940756201744080e-02 4.452312830835580826e-03 1.446825265884399414e-02 -1.298068463802337646e-02
1.126924455165863037e-01 2.206833288073539734e-02 -1.227756515145301819e-01 1.899264901876449585e-01
4.705253988504409790e-02 1.460302770137786865e-01 1.604981124401092529e-01 -6.533344835042953491e-02
-4.479268938302993774e-02 2.310466319322586060e-01 1.388506889343261719e-01 -2.518755011260509491e-02
1.326176971197128296e-01 2.138274759054183960e-01 1.548615247011184692e-01 7.604268193244934082e-02
1.462922543287277222e-01 -2.500974200665950775e-02 1.717976331710815430e-01 -2.389848083257675171e-01
9.936455637216567993e-03 -2.435579709708690643e-02 -4.831476509571075439e-02 -1.197197809815406799e-01
9.037854522466659546e-02 2.021113634109497070e-01 -3.144529461860656738e-02 -2.016983479261398315e-01
-9.093227237462997437e-02 1.893385648727416992e-01 -4.869464039802551270e-02 8.709662361070513725e-04
-3.228656575083732605e-02 8.348682522773742676e-02 -2.876842208206653595e-02 1.293567866086959839e-01
-3.466129675507545471e-02 7.749545574188232422e-02 9.740841388702392578e-02 1.581137627363204956e-01
7.985994964838027954e-02 2.214892953634262085e-01 1.785021424293518066e-01 -1.533909589052200317e-01
-7.631611824035644531e-02 -1.851266622543334961e-01 2.511277794837951660e-02 5.908574908971786499e-02
-8.576109260320663452e-02 8.319122344255447388e-02 -7.607601583003997803e-02 1.414908766746520996e-01
-3.161007165908813477e-02 -7.429336756467819214e-02 -6.449204683303833008e-02 -5.453070998191833496e-02
-1.161291375756263733e-01 -1.267603635787963867e-01 -5.342320725321769714e-02 1.261468380689620972e-01
1.903109368868172169e-04 -1.595126241445541382e-01 1.959913037717342377e-02 2.846221067011356354e-02
-1.215760707855224609e-01 -1.248086020350456238e-01 -6.540342420339584351e-02 1.283127665519714355e-01
-4.405466467142105103e-02 5.791292642243206501e-04 -5.161145054444205016e-06 -3.271920233964920044e-02
-5.705070495605468750e-02 -6.702359765768051147e-02 2.868769224733114243e-03 -2.741284854710102081e-02
9.455630183219909668e-02 -1.309906542301177979e-01 1.238575056195259094e-01 7.820581644773483276e-02
6.503716856241226196e-02 7.249554153531789780e-03 4.196046292781829834e-02 -1.610747128725051880e-01
4.510914161801338196e-02 -2.547945827245712280e-03 1.433878764510154724e-02 7.575730979442596436e-02
-1.042903512716293335e-01 7.925977557897567749e-02 -3.527434542775154114e-03 1.653986573219299316e-01
-9.489857405424118042e-02 1.052466337569057941e-03 -5.104204639792442322e-02 -2.366409450769424438e-01
2.204735390841960907e-02 -1.083295792341232300e-01 5.130311101675033569e-02 5.376627668738365173e-02
1.138096824288368225e-01 1.084895581007003784e-01 5.335199087858200073e-02 -1.641828566789627075e-01
-6.632113456726074219e-02 1.580797582864761353e-01 -1.380795706063508987e-02 -1.680037677288055420e-01
-1.195397898554801941e-01 3.722235187888145447e-02 -3.798924759030342102e-02 5.108392983675003052e-02
2.417448908090591431e-01 2.350255697965621948e-01 1.731958240270614624e-01 -1.192824840545654297e-01
1.853082515299320221e-02 -1.215167194604873657e-01 8.495625853538513184e-02 2.236683852970600128e-02
4.633015394210815430e-02 -8.904022723436355591e-02 4.950284212827682495e-02 1.872242689132690430e-01
-9.028702229261398315e-02 -2.534001879394054413e-02 -7.922324584797024727e-04 1.324765682220458984e-01
4.382967203855514526e-02 -1.679823696613311768e-01 4.766343161463737488e-02 -9.431266225874423981e-03
1.435427665710449219e-01 -8.750168979167938232e-02 4.296665638685226440e-02 2.617854997515678406e-02
-2.804571576416492462e-02 2.249506115913391113e-01 7.650096714496612549e-02 -1.485213488340377808e-01
1.086310893297195435e-01 4.674362763762474060e-02 2.283343374729156494e-01 -1.069682538509368896e-01
-2.726603299379348755e-03 -1.607130914926528931e-01 -4.509316384792327881e-02 9.957191348075866699e-02
1.727841608226299286e-02 -4.064012318849563599e-03 -7.325962069444358349e-04 8.852372318506240845e-02
-9.986281394958496094e-02 -2.057872340083122253e-02 -8.830930292606353760e-02 1.728190928697586060e-01
-4.557693749666213989e-02 -1.769157685339450836e-02 1.513252258300781250e-01 -2.220846861600875854e-01
1.050598025321960449e-01 -2.942704223096370697e-02 -9.148809313774108887e-02 1.108254566788673401e-01
9.842738509178161621e-02 2.503525018692016602e-01 2.397253960371017456e-01 -4.079449921846389771e-03
-2.303668297827243805e-02 3.421851247549057007e-02 8.715973235666751862e-03 1.986732035875320435e-01
-6.375003606081008911e-02 -2.976720221340656281e-02 8.017624914646148682e-02 1.475544273853302002e-01
-2.766807191073894501e-02 -1.190904974937438965e-01 -6.827325373888015747e-02 5.245325714349746704e-02
3.652520477771759033e-02 2.072475552558898926e-01 2.245395481586456299e-01 -2.351383715867996216e-01
-5.100161954760551453e-02 3.523338586091995239e-03 7.695972453802824020e-03 -2.757143042981624603e-02
2.014941424131393433e-01 2.366962432861328125e-01 1.173739787191152573e-02 -5.791955068707466125e-02
5.079524125903844833e-03 -7.342587411403656006e-02 -1.563450396060943604e-01 6.948394328355789185e-02
3.539610421285033226e-03 6.171429157257080078e-02 1.182765588164329529e-01 -1.630973666906356812e-01
-6.652750074863433838e-02 -5.017400905489921570e-02 -1.229041963815689087e-01 -1.246453151106834412e-01
-4.843595996499061584e-02 -1.095968484878540039e-01 5.951439216732978821e-02 8.841115981340408325e-03
-3.428417444229125977e-02 -3.726040944457054138e-02 2.597736753523349762e-02 1.036612540483474731e-01
-8.728659711778163910e-03 1.277353242039680481e-02 1.105338055640459061e-02 1.074612960219383240e-01
7.044619321823120117e-02 -2.020163647830486298e-02 -5.420283414423465729e-03 -8.341789245605468750e-02
2.176644653081893921e-01 1.660289019346237183e-01 8.245017379522323608e-02 -1.120242252945899963e-01
9.397349506616592407e-02 1.075637340545654297e-02 7.861548103392124176e-03 1.062942445278167725e-01
-1.102166771888732910e-01 -7.706018537282943726e-02 -1.159315407276153564e-01 -3.610180318355560303e-02
4.236314818263053894e-02 -1.226913481950759888e-01 -6.802972406148910522e-02 1.721534878015518188e-01
2.184048853814601898e-02 -6.697330623865127563e-02 1.854519546031951904e-01 -2.197592407464981079e-01
-1.746353358030319214e-01 6.170038133859634399e-02 -7.025217264890670776e-02 1.679870784282684326e-01
1.179874315857887268e-01 -1.055162996053695679e-01 -1.786171458661556244e-02 -6.983390450477600098e-02
9.675879031419754028e-02 1.627750843763351440e-01 5.154414847493171692e-02 7.730714231729507446e-02
6.741748005151748657e-02 -5.366377159953117371e-02 2.057182043790817261e-01 -2.578504085540771484e-01
6.577014178037643433e-02 -7.821894437074661255e-02 1.372975111007690430e-01 -2.483721375465393066e-01
-7.835438847541809082e-02 -5.170922353863716125e-02 1.164097487926483154e-01 -2.118024080991744995e-01
-1.954845897853374481e-02 1.485195476561784744e-02 -2.865609899163246155e-02 -1.398560553789138794e-01
1.848981827497482300e-01 2.241090089082717896e-01 2.262395769357681274e-01 -1.027203649282455444e-01
-1.158859394490718842e-02 1.103882789611816406e-01 9.609857201576232910e-02 1.184930428862571716e-01
1.319769918918609619e-01 4.582381993532180786e-02 4.643869772553443909e-02 -2.546937391161918640e-02
2.156513929367065430e-02 4.619702696800231934e-02 2.220508828759193420e-02 1.191017702221870422e-01
2.353691756725311279e-01 2.266359031200408936e-01 4.495887085795402527e-02 3.801339864730834961e-02
1.281938403844833374e-01 2.175931334495544434e-01 -8.155741542577743530e-02 -1.364266574382781982e-01
1.052020713686943054e-01 -5.566079169511795044e-02 -3.951070457696914673e-02 -1.295449328608810902e-03
-1.004642099142074585e-01 1.145489066839218140e-01 -6.585054099559783936e-02 -1.925614029169082642e-01
-3.885184228420257568e-02 5.149172991514205933e-02 -1.430045440793037415e-02 6.494661420583724976e-02
1.225300040096044540e-02 1.513326168060302734e-01 1.688543558120727539e-01 -1.030558869242668152e-01
2.740974305197596550e-03 1.000182554125785828e-01 2.038773298263549805e-01 -3.330956399440765381e-02
-3.342771530151367188e-02 1.141045466065406799e-01 1.138989850878715515e-01 -1.964177489280700684e-01
1.347917411476373672e-02 1.053223852068185806e-02 -1.600639335811138153e-02 -7.293951511383056641e-02
1.498407721519470215e-01 -1.773459464311599731e-01 -1.610612720251083374e-01 2.222744375467300415e-01
-5.499979853630065918e-02 -7.646359503269195557e-02 -7.779031991958618164e-02 -1.271411627531051636e-01
-8.313284069299697876e-02 2.267247885465621948e-01 8.586643636226654053e-02 -2.454793155193328857e-01
1.270942986011505127e-01 1.886100322008132935e-01 -7.145778089761734009e-02 -1.298413425683975220e-01
7.247674744576215744e-03 1.266711298376321793e-02 -1.148137524724006653e-01 9.574793279170989990e-02
3.926901519298553467e-02 7.965082675218582153e-02 2.029327116906642914e-02 -4.197088629007339478e-02
-2.206320315599441528e-02 1.287062466144561768e-01 -1.910700052976608276e-01 1.380060464143753052e-01
-1.113250628113746643e-01 -1.329535525292158127e-02 3.787632286548614502e-02 1.062244996428489685e-01
6.509298086166381836e-02 4.526064544916152954e-02 -1.071558450348675251e-03 -1.915176026523113251e-02
-1.818937831558287144e-03 6.957479566335678101e-02 1.611711084842681885e-02 8.377158641815185547e-02
-8.244390040636062622e-02 1.914113014936447144e-01 -4.925312846899032593e-02 -1.838528662919998169e-01
-1.036676242947578430e-01 -8.074218779802322388e-02 9.464397281408309937e-02 2.426021173596382141e-02
-1.352978218346834183e-02 -1.356822699308395386e-01 -6.352478265762329102e-02 1.274726092815399170e-01
-4.773093387484550476e-02 9.193858131766319275e-03 4.770928621292114258e-02 4.796950146555900574e-02
1.609289497137069702e-01 1.291288137435913086e-01 4.826681315898895264e-02 -1.596273630857467651e-01
-4.173721745610237122e-02 -1.557119097560644150e-02 -1.752325519919395447e-02 -2.373574227094650269e-01
9.298996999859809875e-03 -2.247739350423216820e-03 2.141417004168033600e-02 1.576368696987628937e-02
1.512417346239089966e-01 3.618570789694786072e-02 8.403586107306182384e-04 -3.308279812335968018e-02
-6.941411644220352173e-02 -1.470367461442947388e-01 3.788801655173301697e-02 1.985170841217041016e-01
-6.150069087743759155e-02 -8.966103196144104004e-02 -2.480079047381877899e-02 1.152903661131858826e-01
7.432629913091659546e-02 -4.182461183518171310e-03 -7.109601050615310669e-02 5.512576550245285034e-02
1.819437891244888306e-01 1.115708649158477783e-01 2.308046072721481323e-01 -2.159858942031860352e-01
-1.098041832447052002e-01 -4.871507734060287476e-02 -1.167835667729377747e-01 -7.658189535140991211e-02
1.203017458319664001e-01 8.335043489933013916e-02 8.248358219861984253e-02 -2.468275874853134155e-01
1.563675850629806519e-01 1.947149187326431274e-01 2.568033337593078613e-02 -1.288665235042572021e-01
7.212662696838378906e-02 2.777118980884552002e-02 -6.201884150505065918e-02 6.771223247051239014e-02
2.099795080721378326e-02 2.124801650643348694e-02 -8.640285581350326538e-02 2.920721471309661865e-02
1.304727643728256226e-01 2.482473254203796387e-01 -7.049602270126342773e-02 1.053878217935562134e-01
1.149518862366676331e-01 -1.790715940296649933e-02 -4.078506305813789368e-02 -2.105492651462554932e-01
8.439538942184299231e-05 8.173017948865890503e-02 9.159879386425018311e-02 -4.560828208923339844e-02
-3.598526492714881897e-02 -5.236572399735450745e-02 2.218832373619079590e-01 -2.652341127395629883e-01
