1.431257873773574829e-01
-2.346964925527572632e-02
1.457920521497726440e-01
-1.294337026774883270e-02
4.348564520478248596e-02
7.680112123489379883e-02
1.442594677209854126e-01
7.730986177921295166e-02
1.010171845555305481e-01
1.392021477222442627e-01
1.583034545183181763e-01
5.559286102652549744e-02
5.538764595985412598e-02
-1.305676251649856567e-01
-1.967533119022846222e-02
2.090457826852798462e-02
1.158561464399099350e-02
3.184976056218147278e-02
-6.393060088157653809e-02
2.075539231300354004e-01
1.158713130280375481e-03
-2.373821102082729340e-02
1.290243417024612427e-01
9.834778308868408203e-02
4.657679423689842224e-02
4.619307070970535278e-02
1.727667823433876038e-02
2.392689138650894165e-02
6.367874890565872192e-02
1.954527348279953003e-01
2.539761923253536224e-02
3.453084034845232964e-03
5.352585017681121826e-02
-4.368529096245765686e-02
8.815690875053405762e-02
7.584363967180252075e-02
9.361858665943145752e-02
6.939741224050521851e-02
-1.046860516071319580e-01
1.642001271247863770e-01
2.614174596965312958e-02
1.304107457399368286e-01
3.027023933827877045e-02
8.478607982397079468e-02
6.542746722698211670e-02
7.647963613271713257e-02
1.529031693935394287e-01
4.178873822093009949e-02
7.555642724037170410e-02
1.403232570737600327e-02
1.524559855461120605e-01
6.859079003334045410e-02
7.585097104310989380e-02
2.992433682084083557e-02
8.869920670986175537e-02
-1.381672918796539307e-02
2.154913358390331268e-02
1.805021315813064575e-01
-9.083093702793121338e-02
1.667136102914810181e-01
-4.572540521621704102e-02
9.066867083311080933e-02
-5.789070203900337219e-02
1.834578812122344971e-01
