6.212275847792625427e-02 -2.008136957883834839e-01 2.379098534584045410e-02 -7.232452183961868286e-02
-6.367358565330505371e-02 5.340774357318878174e-02 7.205027155578136444e-03 6.730176974087953568e-03
6.357070058584213257e-02 -1.659306883811950684e-01 -8.109301328659057617e-02 -1.854275912046432495e-01
-4.884013161063194275e-02 1.670370809733867645e-02 -1.884710788726806641e-02 -2.109130471944808960e-01
3.560744598507881165e-02 1.446328461170196533e-01 -1.228207275271415710e-01 -2.242120951414108276e-01
-1.006622985005378723e-01 -9.159833937883377075e-02 2.524766027927398682e-01 -9.374883770942687988e-02
5.974415317177772522e-02 -2.433624118566513062e-01 -1.871429830789566040e-01 -2.491661719977855682e-02
-1.069577634334564209e-01 9.344560652971267700e-02 1.874124109745025635e-01 -2.086136937141418457e-01
-1.434184163808822632e-01 1.179384812712669373e-01 -9.207293391227722168e-03 5.748564377427101135e-02
7.093644887208938599e-02 -2.076102942228317261e-01 3.119679912924766541e-02 -7.246586680412292480e-02
6.555648148059844971e-02 -2.624608874320983887e-01 -1.622226238250732422e-01 -2.254026532173156738e-01
-2.276747673749923706e-01 -4.594224691390991211e-02 2.442598491907119751e-01 1.061643809080123901e-01
-1.270102560520172119e-01 1.424530893564224243e-01 9.466166049242019653e-02 -2.155410945415496826e-01
-3.264901787042617798e-02 -5.795698985457420349e-02 6.268176436424255371e-02 6.521482951939105988e-03
1.699229505902621895e-05 6.414833664894104004e-02 -2.688814885914325714e-02 6.648690253496170044e-02
7.648082822561264038e-02 -1.213271636515855789e-02 4.496086761355400085e-02 -2.910642325878143311e-01
-1.024427413940429688e-01 1.041894406080245972e-01 2.677380740642547607e-01 1.268822699785232544e-01
-3.262113779783248901e-02 8.154989778995513916e-02 1.902398914098739624e-01 -1.958990395069122314e-01
-9.127728641033172607e-02 -7.821532338857650757e-02 1.156984940171241760e-01 9.301059693098068237e-02
7.670646905899047852e-02 -1.879693418741226196e-01 -1.659406870603561401e-01 -2.856801822781562805e-02
-1.119541302323341370e-01 1.507886350154876709e-01 2.324611544609069824e-01 1.690687537193298340e-01
-6.645629554986953735e-02 -9.806371293962001801e-03 3.276831284165382385e-02 1.527980668470263481e-03
1.090368181467056274e-01 1.379427462816238403e-01 -2.467729449272155762e-01 1.479631755501031876e-03
7.320576161146163940e-02 -8.804818242788314819e-02 -9.588501602411270142e-02 -2.766906619071960449e-01
-2.772233635187149048e-02 1.892977952957153320e-01 -1.597989946603775024e-01 -2.072632461786270142e-01
-6.414996832609176636e-02 2.153019607067108154e-01 2.817301750183105469e-01 -2.469049096107482910e-01
2.153234183788299561e-02 3.771378695964813232e-01 -6.480307877063751221e-02 1.635969728231430054e-01
-8.800606429576873779e-02 2.412912547588348389e-01 1.395330671221017838e-02 -4.463725164532661438e-02
-1.125003769993782043e-01 9.576336294412612915e-02 3.018827736377716064e-01 6.914629042148590088e-02
7.300538569688796997e-02 -2.377910614013671875e-01 -1.447952985763549805e-01 -1.011117547750473022e-01
7.535064220428466797e-02 1.622713506221771240e-01 -1.900939047336578369e-01 5.902316793799400330e-02
2.137736417353153229e-02 -1.436535455286502838e-02 1.063870191574096680e-01 5.792196467518806458e-02
7.465299218893051147e-02 3.139317035675048828e-01 4.812822490930557251e-02 -2.083869576454162598e-01
5.459889024496078491e-02 1.103659346699714661e-01 3.765906393527984619e-02 -9.010233730077743530e-02
3.248269110918045044e-02 -1.910004392266273499e-02 1.360939145088195801e-01 -2.118545025587081909e-01
-1.756082922220230103e-01 7.401910424232482910e-02 2.236015796661376953e-01 -9.748314321041107178e-02
-1.327844988554716110e-02 -4.266228526830673218e-03 3.176811337471008301e-02 -2.085257023572921753e-01
-2.613137066364288330e-01 2.369434945285320282e-02 1.996554136276245117e-01 -1.397402286529541016e-01
7.957028225064277649e-03 -2.802250534296035767e-02 1.517458818852901459e-02 -8.117525838315486908e-03
5.706438049674034119e-02 -1.388936936855316162e-01 -1.242411658167839050e-01 -2.540926262736320496e-02
-4.109425470232963562e-02 3.219126760959625244e-01 -6.203689798712730408e-02 5.082092061638832092e-02
1.128465682268142700e-01 3.052300587296485901e-02 -2.332951277494430542e-01 4.422853142023086548e-02
-2.366617769002914429e-01 -7.991136610507965088e-02 1.774264872074127197e-01 1.654761284589767456e-01
-2.035277932882308960e-01 8.469467610120773315e-02 1.533813029527664185e-01 1.519451034255325794e-04
3.051276877522468567e-02 1.749610453844070435e-01 -2.579747140407562256e-01 -1.473349481821060181e-01
1.728393509984016418e-02 2.434523999691009521e-01 -2.055622637271881104e-01 5.683554336428642273e-02
6.496101617813110352e-02 -9.260529279708862305e-02 -7.672961801290512085e-02 -1.056783050298690796e-01
4.688616842031478882e-02 2.015356570482254028e-01 -7.272052578628063202e-03 1.378294825553894043e-01
-1.222211401909589767e-02 1.117874905467033386e-01 2.967211604118347168e-01 -1.235216185450553894e-01
1.202474236488342285e-01 2.819675803184509277e-01 7.264115381985902786e-03 -7.010883837938308716e-02
9.256554394960403442e-02 -5.107218772172927856e-02 -1.995501369237899780e-01 -1.240510307252407074e-02
8.039978891611099243e-02 2.351337075233459473e-01 -2.597322463989257812e-01 5.470408126711845398e-02
-9.016720950603485107e-02 1.675256192684173584e-01 -4.446076229214668274e-02 -1.522853672504425049e-01
-2.070425301790237427e-01 1.178862676024436951e-01 2.344408333301544189e-01 -2.486356943845748901e-01
2.058641612529754639e-02 3.483283221721649170e-01 5.720340460538864136e-02 -1.520791351795196533e-01
7.070502731949090958e-03 2.229257076978683472e-01 -1.369454562664031982e-01 1.403317898511886597e-01
-5.098761618137359619e-02 -5.096986889839172363e-02 7.367968559265136719e-02 -2.950777709484100342e-01
6.428434699773788452e-02 -1.112933903932571411e-01 -1.137726083397865295e-01 -4.617906361818313599e-02
2.258257940411567688e-02 5.886427685618400574e-02 3.376158326864242554e-02 8.094353973865509033e-02
4.073591530323028564e-02 -1.687123179435729980e-01 -1.061110347509384155e-01 -5.449451506137847900e-02
1.142190117388963699e-02 -1.559975277632474899e-02 5.040622130036354065e-02 -6.127411127090454102e-02
1.183463167399168015e-02 -1.151847764849662781e-01 -6.127185188233852386e-03 -3.241260647773742676e-01
-6.497834622859954834e-02 -7.499277708120644093e-04 -9.521183092147111893e-04 1.313557004323229194e-04
1.062019020318984985e-01 6.374281644821166992e-02 -2.299477308988571167e-01 -8.160943537950515747e-02
