-3.372295945882797241e-02
8.364654332399368286e-02
7.881679385900497437e-02
1.644826084375381470e-01
1.033958345651626587e-01
1.173705384135246277e-01
8.437518030405044556e-02
-8.863454312086105347e-02
4.210124164819717407e-02
3.593071550130844116e-02
4.848523065447807312e-02
-5.964046344161033630e-02
3.193110972642898560e-02
7.870467752218246460e-02
-3.416982293128967285e-02
-7.570594549179077148e-02
3.054775111377239227e-02
-1.804966293275356293e-02
5.338829755783081055e-02
8.547790348529815674e-02
-2.398820966482162476e-02
6.312926113605499268e-02
-2.091350033879280090e-02
8.131688833236694336e-02
-1.567439362406730652e-02
-4.108938947319984436e-02
-3.835557028651237488e-02
5.274033546447753906e-02
2.723859995603561401e-02
3.670844482257962227e-03
6.927299499511718750e-02
7.029739022254943848e-02
-6.897841393947601318e-02
7.884741574525833130e-02
-1.993096200749278069e-03
1.146394573152065277e-02
4.054116085171699524e-02
4.675934836268424988e-02
-6.415364146232604980e-02
1.653108559548854828e-02
-4.223269969224929810e-02
-5.572710931301116943e-02
-2.370770275592803955e-02
-2.994410321116447449e-02
2.322166413068771362e-02
2.442189957946538925e-03
6.315567344427108765e-02
-7.210404425859451294e-02
-2.800446702167391777e-03
9.831220656633377075e-02
5.079881101846694946e-02
7.254983484745025635e-02
-3.700723499059677124e-02
-1.819354854524135590e-02
9.113951772451400757e-02
-8.759797364473342896e-02
-1.596087962388992310e-02
9.673995897173881531e-03
-1.320910267531871796e-02
-7.900193333625793457e-02
3.740295395255088806e-02
4.732608795166015625e-02
-9.811986237764358521e-02
-4.297256469726562500e-02
