1.449966132640838623e-01 1.665779948234558105e-01 1.579014956951141357e-01 -9.877765923738479614e-02
-1.785188615322113037e-01 1.131666228175163269e-01 1.080415770411491394e-01 -2.074958682060241699e-01
1.829464882612228394e-01 -1.402774602174758911e-01 1.555480062961578369e-01 -1.728741973638534546e-01
-3.798833861947059631e-02 -1.029839441180229187e-01 2.061630785465240479e-01 -1.752721518278121948e-01
1.909650280140340328e-03 -2.262476980686187744e-01 -4.804929345846176147e-02 -1.640931069850921631e-01
9.053380042314529419e-02 -2.188995033502578735e-01 1.808695681393146515e-02 -2.243184745311737061e-01
2.912339940667152405e-02 1.592082679271697998e-01 1.022971794009208679e-01 -1.185262203216552734e-01
-7.406395673751831055e-02 -7.844119518995285034e-02 -6.674433499574661255e-02 1.771357506513595581e-01
-1.226277053356170654e-01 8.774603903293609619e-02 -7.617548853158950806e-02 -2.737792022526264191e-02
-2.387384474277496338e-01 -1.002301182597875595e-02 1.093912199139595032e-01 -1.865364164113998413e-01
-5.219311639666557312e-02 1.266048382967710495e-02 -1.755652576684951782e-01 3.969690576195716858e-02
-2.999218646436929703e-03 -2.589872665703296661e-02 1.292434185743331909e-01 1.009076610207557678e-01
2.348636277019977570e-02 3.322687000036239624e-02 -5.844719707965850830e-03 2.348528802394866943e-01
-1.514120250940322876e-01 9.396235644817352295e-02 1.263310015201568604e-01 -7.299263775348663330e-02
5.101626366376876831e-02 9.436790645122528076e-02 1.127916797995567322e-01 -2.177098300307989120e-03
9.821369498968124390e-02 -1.454610079526901245e-01 5.681912600994110107e-02 1.195954084396362305e-01
-1.491632908582687378e-01 4.265062138438224792e-02 -4.886393994092941284e-02 -1.006809696555137634e-01
-8.691778033971786499e-02 -1.928610056638717651e-01 8.332836627960205078e-02 1.361156702041625977e-01
-5.354923754930496216e-02 -1.738096475601196289e-01 1.919055134057998657e-01 -2.001085132360458374e-02
1.785182058811187744e-01 -1.579408645629882812e-01 -7.385761290788650513e-02 -2.189502567052841187e-01
1.302634626626968384e-01 2.076013088226318359e-01 -1.510813683271408081e-01 9.454121440649032593e-02
-1.067079529166221619e-01 -1.231208369135856628e-01 -8.605130948126316071e-03 1.683501899242401123e-01
1.885957568883895874e-01 -3.722496703267097473e-02 -1.731766313314437866e-01 2.076910249888896942e-02
-8.264727890491485596e-02 -9.898667782545089722e-02 1.757684499025344849e-01 -1.394688189029693604e-01
2.026627659797668457e-01 -2.106291651725769043e-01 1.025307178497314453e-01 -3.589065745472908020e-02
1.346204578876495361e-01 8.651496469974517822e-02 8.981703966856002808e-02 8.504455536603927612e-02
2.844392322003841400e-02 5.859386920928955078e-02 1.458874642848968506e-01 4.148422554135322571e-02
4.997876659035682678e-02 -1.881905645132064819e-01 -1.654438376426696777e-01 -1.596643626689910889e-01
2.066504582762718201e-02 -1.084480956196784973e-01 7.908673584461212158e-02 1.278550773859024048e-01
-1.098128557205200195e-01 2.832700908184051514e-01 -1.534314602613449097e-01 -1.862555593252182007e-01
-4.820337519049644470e-02 1.849359124898910522e-01 -9.420077502727508545e-02 -1.605036109685897827e-01
-1.214994788169860840e-01 -1.723899543285369873e-01 5.827116966247558594e-02 2.481671608984470367e-02
-1.294869035482406616e-01 -8.421709388494491577e-02 -4.800567030906677246e-02 9.804586321115493774e-02
1.113087460398674011e-01 -3.716316446661949158e-02 7.097131758928298950e-02 -9.119290113449096680e-02
-7.660268992185592651e-02 6.377075612545013428e-02 -8.126749098300933838e-02 -2.062292024493217468e-02
2.185141742229461670e-01 -1.367746200412511826e-02 5.748019367456436157e-02 1.246691495180130005e-01
1.302462369203567505e-01 -3.541380912065505981e-02 -1.143874824047088623e-01 2.324635684490203857e-01
1.038305312395095825e-01 8.178493008017539978e-03 1.213443875312805176e-01 -1.330623477697372437e-01
-1.543621718883514404e-01 7.117301225662231445e-02 1.683307811617851257e-02 -1.743711158633232117e-02
-1.937232166528701782e-02 -4.908498376607894897e-02 -2.772188745439052582e-02 -1.296653449535369873e-01
1.274963766336441040e-01 5.717064440250396729e-02 -1.024653986096382141e-01 1.365546882152557373e-01
5.286785587668418884e-02 -4.967574775218963623e-02 -1.528834104537963867e-01 -2.653140388429164886e-02
-2.646915614604949951e-02 -1.446637213230133057e-01 4.212466627359390259e-02 2.140193432569503784e-02
-9.236110001802444458e-02 -6.371783465147018433e-02 -5.441842600703239441e-03 -1.766350492835044861e-02
1.798266172409057617e-01 8.219026029109954834e-02 -1.059869956225156784e-02 1.982487887144088745e-01
-1.692509055137634277e-01 1.120566278696060181e-01 6.265936046838760376e-02 2.730524837970733643e-01
1.542391031980514526e-01 1.593093872070312500e-01 1.677116155624389648e-01 -6.124309450387954712e-02
2.128819823265075684e-01 1.355064809322357178e-01 -9.463886916637420654e-02 3.851477429270744324e-02
-5.354798585176467896e-02 1.621849834918975830e-01 -8.440484106540679932e-02 -7.040088623762130737e-02
-1.304320544004440308e-01 -1.182818338274955750e-01 1.088020391762256622e-02 -1.724200397729873657e-01
6.232871487736701965e-02 1.296771317720413208e-01 9.798774868249893188e-02 1.814707815647125244e-01
-8.681125193834304810e-02 1.517377942800521851e-01 6.252890825271606445e-02 -1.004969328641891479e-01
9.904773905873298645e-03 1.119282469153404236e-01 -6.074491143226623535e-02 -1.704928129911422729e-01
-1.595439910888671875e-01 -4.599710181355476379e-02 -8.547909557819366455e-02 -2.035764306783676147e-01
-1.937290579080581665e-01 9.459479898214340210e-02 1.609349250793457031e-01 -2.597997188568115234e-01
7.456573843955993652e-02 9.707541763782501221e-02 -1.204279810190200806e-01 -1.772884130477905273e-01
1.656897813081741333e-01 -1.540635824203491211e-01 1.447111219167709351e-01 -8.513987064361572266e-02
-1.377243697643280029e-01 4.784708470106124878e-02 5.210658907890319824e-02 1.676962375640869141e-01
8.879920095205307007e-02 -2.102929949760437012e-01 4.273353889584541321e-02 2.256202697753906250e-02
1.472127288579940796e-01 1.178748235106468201e-01 -1.497967094182968140e-01 1.836959421634674072e-01
-2.413906529545783997e-02 -1.851221621036529541e-01 1.681735068559646606e-01 5.743211880326271057e-02
1.667467057704925537e-01 1.653981506824493408e-01 3.703367337584495544e-02 -1.073647439479827881e-01
1.247664839029312134e-01 1.638172119855880737e-01 4.083167761564254761e-03 8.060965687036514282e-02
8.573470264673233032e-02 -1.841640025377273560e-01 7.780617475509643555e-02 1.499534994363784790e-01
