-6.043239962309598923e-03
9.628602303564548492e-03
7.941249012947082520e-02
7.814938575029373169e-02
5.591047927737236023e-02
-2.140086889266967773e-02
5.222856253385543823e-02
-1.771450974047183990e-02
5.854029953479766846e-02
9.405831247568130493e-02
1.666087470948696136e-02
3.318750113248825073e-02
6.593831628561019897e-02
1.080102939158678055e-02
4.351268336176872253e-02
1.281725522130727768e-02
6.382114440202713013e-02
2.369905076920986176e-02
6.061574444174766541e-02
7.969876378774642944e-02
6.409490853548049927e-02
4.222135990858078003e-02
2.191124483942985535e-02
1.966645941138267517e-02
4.200198873877525330e-02
4.984141886234283447e-02
2.360370475798845291e-03
4.327205941081047058e-02
7.030672580003738403e-02
2.163057215511798859e-02
6.732618063688278198e-02
5.505147576332092285e-02
2.578746154904365540e-02
2.567393332719802856e-02
-1.736781373620033264e-02
2.486215345561504364e-02
4.138756170868873596e-02
6.000612676143646240e-02
9.064915776252746582e-02
7.409258186817169189e-02
3.598385304212570190e-02
4.855013638734817505e-02
5.810455232858657837e-02
5.609866231679916382e-02
3.900818526744842529e-02
6.029465422034263611e-02
2.663835883140563965e-02
-3.204788372386246920e-04
4.173030331730842590e-02
5.421366915106773376e-02
7.158735394477844238e-02
5.204155296087265015e-02
5.369745194911956787e-02
5.828483775258064270e-02
4.111476242542266846e-03
5.927815660834312439e-02
7.476495206356048584e-02
1.138528902083635330e-02
6.877174228429794312e-02
9.695128351449966431e-02
1.851234701462090015e-03
1.041358858346939087e-01
1.407604943960905075e-02
-4.391034692525863647e-02
6.158762052655220032e-02
4.091473668813705444e-02
-1.994163915514945984e-02
2.690555900335311890e-02
-1.356502901762723923e-02
1.762866601347923279e-02
5.207189545035362244e-02
7.201243937015533447e-02
-1.501388289034366608e-02
7.578945159912109375e-02
-1.426858175545930862e-02
4.873126745223999023e-02
1.387735456228256226e-02
1.915699243545532227e-02
1.457066833972930908e-02
6.027587503194808960e-02
2.829857915639877319e-02
7.567273080348968506e-02
1.000390872359275818e-01
3.353108093142509460e-02
9.061397612094879150e-02
5.764593929052352905e-02
-2.899507759138941765e-03
3.078351356089115143e-02
1.432318612933158875e-02
6.507023423910140991e-02
-1.253174711018800735e-02
6.680727750062942505e-02
3.877720562741160393e-03
9.601962566375732422e-02
7.121045887470245361e-02
5.313111096620559692e-02
2.255848050117492676e-02
8.777990937232971191e-02
4.033154621720314026e-02
5.525283515453338623e-02
8.506810665130615234e-02
7.230537384748458862e-02
5.185202509164810181e-02
5.096888635307550430e-03
7.503204792737960815e-02
7.161653041839599609e-02
3.737372532486915588e-02
7.860446348786354065e-03
4.397533461451530457e-02
3.249940276145935059e-02
8.301793783903121948e-02
8.109169453382492065e-02
5.075770616531372070e-02
5.072588101029396057e-02
9.323524683713912964e-02
5.209959670901298523e-02
8.459869027137756348e-02
4.669424146413803101e-02
4.696523398160934448e-02
6.738010793924331665e-02
4.346135258674621582e-02
1.460557919926941395e-03
6.093296036124229431e-02
2.195510268211364746e-02
3.021464124321937561e-02
3.537984937429428101e-02
-3.620137274265289307e-02
2.948438981547951698e-03
