1.433822214603424072e-01 1.087259203195571899e-01 1.491299271583557129e-01 -1.616033315658569336e-01 2.054112404584884644e-01 -1.787465810775756836e-01 9.650746732950210571e-02 -1.736361905932426453e-02
-1.528678238391876221e-01 -1.952076144516468048e-02 1.682021617889404297e-01 1.446109265089035034e-02 -4.379339143633842468e-02 2.688406407833099365e-01 -1.116317808628082275e-01 3.138203620910644531e-01
1.789137162268161774e-02 -4.083670303225517273e-02 -2.886605821549892426e-02 1.241048499941825867e-01 -1.825771480798721313e-02 6.324090808629989624e-02 -1.992129348218441010e-02 -1.324778348207473755e-01
1.899802982807159424e-01 -4.326983913779258728e-02 -4.436234384775161743e-02 -1.071061789989471436e-01 -9.339810907840728760e-02 -1.625553667545318604e-01 2.601205706596374512e-01 -8.313535898923873901e-02
-3.787876665592193604e-02 1.125009963288903236e-03 -1.934093534946441650e-01 2.042844295501708984e-01 2.790567465126514435e-02 5.142313428223133087e-03 -4.138243570923805237e-02 1.603863388299942017e-01
1.884971112012863159e-01 -3.359892591834068298e-02 -5.262029916048049927e-02 -3.064839541912078857e-01 1.199736371636390686e-01 2.000876814126968384e-01 -1.609393805265426636e-01 -1.868012845516204834e-01
5.728787928819656372e-02 9.622320532798767090e-02 -1.747543066740036011e-01 1.094059273600578308e-01 -2.887398600578308105e-01 -3.683568164706230164e-02 1.967016458511352539e-01 9.664539247751235962e-02
2.326883822679519653e-01 -4.223758820444345474e-03 -6.324877496808767319e-03 -2.052113562822341919e-01 1.186356544494628906e-01 3.145392239093780518e-01 1.592546850442886353e-01 -2.718954086303710938e-01
-1.515194177627563477e-01 -3.825647011399269104e-02 1.114396974444389343e-01 1.942678540945053101e-01 2.108985036611557007e-01 -2.148151844739913940e-01 -1.544384658336639404e-01 -1.345047503709793091e-01
-2.982233883813023567e-03 6.775019317865371704e-02 -3.648616140708327293e-03 8.964261412620544434e-02 -1.694688946008682251e-02 -2.154999179765582085e-03 7.885874807834625244e-02 -1.342747360467910767e-01
-2.636296749114990234e-01 -3.004370070993900299e-02 -7.010539062321186066e-03 2.000137567520141602e-01 1.164484396576881409e-01 2.307385653257369995e-01 1.996033042669296265e-01 -1.609117388725280762e-01
1.567401885986328125e-01 -1.059667915105819702e-01 -3.734721615910530090e-02 2.084984481334686279e-01 2.665799856185913086e-01 -1.933514773845672607e-01 1.861310601234436035e-01 -2.207823842763900757e-01
-3.755709528923034668e-02 -1.556393206119537354e-01 1.274752914905548096e-01 2.487388700246810913e-01 -2.273574322462081909e-01 2.893271744251251221e-01 1.210769563913345337e-01 -1.716878414154052734e-01
1.167908608913421631e-01 1.029418036341667175e-01 -1.019503921270370483e-02 -2.545486949384212494e-02 -4.574245586991310120e-02 -1.247378066182136536e-01 -8.973522484302520752e-02 -3.302329406142234802e-02
1.918562054634094238e-01 1.011964306235313416e-01 -6.837287545204162598e-02 3.859229618683457375e-03 -1.861239075660705566e-01 -2.142525464296340942e-02 9.771055728197097778e-02 -1.372239887714385986e-01
-2.933823168277740479e-01 3.482186049222946167e-02 3.768721595406532288e-02 -1.489984095096588135e-01 1.749013513326644897e-01 -1.574546098709106445e-02 -1.454318314790725708e-01 2.335131466388702393e-01
-4.562041163444519043e-02 -1.886018961668014526e-01 -1.764880269765853882e-01 2.296295464038848877e-01 1.361844837665557861e-01 1.151211708784103394e-01 4.392240196466445923e-02 2.794885337352752686e-01
6.850048154592514038e-02 8.084744960069656372e-02 -4.659149795770645142e-03 1.032222807407379150e-01 -6.098620966076850891e-02 -3.130092099308967590e-02 -1.202633902430534363e-01 -7.554912939667701721e-03
2.102786600589752197e-01 2.927114488556981087e-03 -8.322469145059585571e-02 -2.085208892822265625e-01 -1.002077162265777588e-01 -1.068837493658065796e-01 2.854269146919250488e-01 -1.459073424339294434e-01
-1.535183489322662354e-01 -1.652167290449142456e-01 -1.127938330173492432e-01 -2.766073942184448242e-01 1.545293778181076050e-01 1.022451892495155334e-01 -6.070047244429588318e-02 2.867244184017181396e-01
-1.769163608551025391e-01 1.437072902917861938e-01 -1.462493240833282471e-01 2.139372080564498901e-01 -2.003466039896011353e-01 -9.487814456224441528e-02 -2.006017714738845825e-01 2.744587361812591553e-01
-5.926884710788726807e-02 -8.876210451126098633e-02 -1.930895149707794189e-01 6.293008476495742798e-02 2.261094003915786743e-01 1.589969247579574585e-01 5.165791139006614685e-02 2.071286737918853760e-01
-2.210272997617721558e-01 4.809882491827011108e-02 -1.681830734014511108e-01 3.144158720970153809e-01 4.093332961201667786e-02 3.109698295593261719e-01 -5.501630902290344238e-02 -1.492757350206375122e-01
3.533878549933433533e-02 1.293750256299972534e-01 -1.238991767168045044e-01 -7.115351408720016479e-02 -9.299306198954582214e-03 2.976995706558227539e-01 2.781029418110847473e-02 2.714909911155700684e-01
-1.133664418011903763e-02 -1.002528369426727295e-01 -6.831298768520355225e-02 -3.145970702171325684e-01 -2.415593415498733521e-01 1.272120773792266846e-01 5.590647459030151367e-02 -1.850329637527465820e-01
-8.392188698053359985e-02 -1.926763057708740234e-01 -1.840693652629852295e-01 2.709217965602874756e-01 -1.116245463490486145e-01 -8.269000053405761719e-02 8.136662095785140991e-02 1.554881967604160309e-02
2.142231762409210205e-01 -2.966655232012271881e-02 9.584230929613113403e-02 5.264671146869659424e-02 -1.671994924545288086e-01 -8.799944818019866943e-02 -2.650772966444492340e-02 -1.264426410198211670e-01
-1.105327755212783813e-01 1.150818392634391785e-01 -1.071988567709922791e-01 8.884225785732269287e-02 -1.395376324653625488e-01 7.845825701951980591e-02 1.034720614552497864e-01 -2.255812287330627441e-02
1.152451857924461365e-01 1.166784111410379410e-02 1.857192367315292358e-01 6.034259125590324402e-02 2.414688616991043091e-01 -2.146782726049423218e-01 6.178553681820631027e-03 -1.872326135635375977e-01
-1.678389012813568115e-01 -1.355883777141571045e-01 1.637495458126068115e-01 -3.512198925018310547e-01 -1.022185683250427246e-01 9.280238300561904907e-02 8.447179943323135376e-02 6.343519687652587891e-02
1.630725115537643433e-01 -2.992478199303150177e-02 -9.877694770693778992e-03 -1.546982079744338989e-01 2.082963436841964722e-01 -1.546031422913074493e-02 -8.592029660940170288e-02 2.965945303440093994e-01
-5.491476505994796753e-02 -8.678063750267028809e-02 -3.320200741291046143e-02 2.149778157472610474e-01 -2.193913310766220093e-01 -1.055612340569496155e-01 2.496876716613769531e-01 9.578286856412887573e-02
4.994710907340049744e-02 -7.760667055845260620e-02 9.773395210504531860e-02 -1.301342099905014038e-01 2.105036079883575439e-01 -2.680844366550445557e-01 -5.527114495635032654e-02 1.965230852365493774e-01
1.476109921932220459e-01 -1.636669933795928955e-01 -1.439671590924263000e-02 -2.270403802394866943e-01 -2.352747470140457153e-01 9.935808926820755005e-02 -4.898006469011306763e-02 -2.522375620901584625e-02
1.749446690082550049e-01 -9.279743582010269165e-02 4.951183870434761047e-02 -6.228448450565338135e-02 1.645543724298477173e-01 -1.347131580114364624e-01 -1.850018650293350220e-01 -1.226599588990211487e-01
-2.315474003553390503e-01 -3.846130147576332092e-02 -7.829000055789947510e-02 2.338241934776306152e-01 -2.248879969120025635e-01 -6.785026937723159790e-02 1.001893877983093262e-01 2.866081893444061279e-01
-1.726093590259552002e-01 5.651351809501647949e-02 -9.224291890859603882e-02 -8.598416298627853394e-02 1.082513853907585144e-01 -8.736629039049148560e-02 -1.971827447414398193e-01 1.473010629415512085e-01
-2.661980092525482178e-01 1.184930652379989624e-01 5.574600398540496826e-02 2.322061657905578613e-01 1.675079613924026489e-01 1.494088619947433472e-01 -1.333987414836883545e-01 -2.506823241710662842e-01
-1.439533382654190063e-02 -2.168446630239486694e-01 -1.304669082164764404e-01 -2.068335413932800293e-01 -1.249403282999992371e-01 -3.244040906429290771e-02 -2.209169715642929077e-01 -1.505034118890762329e-01
-1.224457323551177979e-01 1.306309700012207031e-01 -1.001083329319953918e-01 2.815552055835723877e-01 -1.318993866443634033e-01 -7.462038099765777588e-02 3.969329223036766052e-02 -3.574937814846634865e-03
-1.004040688276290894e-01 -1.191509291529655457e-01 1.149447038769721985e-01 1.637009531259536743e-01 -3.216787800192832947e-02 -4.280807450413703918e-02 -1.065804287791252136e-01 3.373846113681793213e-01
-2.490401417016983032e-01 -1.745505630970001221e-01 -1.289730221033096313e-01 8.167596906423568726e-02 1.994117200374603271e-01 -4.912573844194412231e-02 -1.059525739401578903e-02 2.666082978248596191e-01
-1.315570175647735596e-01 -9.015856683254241943e-02 -7.940058410167694092e-02 -2.755903899669647217e-01 1.467096507549285889e-01 -1.330720484256744385e-01 -1.091937795281410217e-01 1.693915575742721558e-01
2.322772145271301270e-01 2.767794393002986908e-02 1.309532821178436279e-01 -3.968504443764686584e-02 2.677636146545410156e-01 -1.720843017101287842e-01 -1.444422304630279541e-01 -2.222105711698532104e-01
6.265196204185485840e-02 -1.430443488061428070e-02 1.681123971939086914e-01 -1.706002354621887207e-01 -7.588093727827072144e-02 -2.563175745308399200e-02 -1.137475892901420593e-01 2.456196099519729614e-01
1.178378537297248840e-01 7.534936070442199707e-02 -6.881960481405258179e-02 -1.933545321226119995e-01 2.725518494844436646e-02 -1.362658739089965820e-01 1.858777701854705811e-01 -1.149035096168518066e-01
-1.023769304156303406e-01 5.873186048120260239e-03 -6.109537556767463684e-02 -3.923669084906578064e-02 2.656340599060058594e-01 1.008557006716728210e-01 -1.082005538046360016e-02 -1.431346833705902100e-01
1.800273209810256958e-01 -2.171134352684020996e-01 8.533969521522521973e-02 1.512332111597061157e-01 -2.272768644616007805e-03 -2.241914570331573486e-01 -2.125183939933776855e-01 2.572590708732604980e-01
-2.058796957135200500e-02 -1.757663786411285400e-01 1.151379421353340149e-01 1.507837176322937012e-01 1.376147270202636719e-01 2.502444684505462646e-01 -1.645484864711761475e-01 -2.045981585979461670e-01
2.215090394020080566e-01 1.088924854993820190e-01 -1.600341498851776123e-01 1.182400882244110107e-01 2.532511018216609955e-02 7.039713114500045776e-02 2.795237861573696136e-02 -1.992903798818588257e-01
1.243868693709373474e-01 -2.632548809051513672e-01 -2.267986536026000977e-01 2.066473364830017090e-01 -1.346155628561973572e-02 -2.477263957262039185e-01 -9.634151309728622437e-02 1.083515062928199768e-01
-2.221087962388992310e-01 -4.764362052083015442e-02 1.706552207469940186e-01 2.760036885738372803e-01 2.358617782592773438e-01 -3.415998071432113647e-02 -1.914218962192535400e-01 -1.152008865028619766e-02
1.526001691818237305e-01 7.583351433277130127e-02 -9.623225033283233643e-02 -1.597530394792556763e-01 -1.134711354970932007e-01 1.952772438526153564e-01 8.774835616350173950e-02 -2.088706344366073608e-01
-1.065960805863142014e-02 -9.788372367620468140e-02 2.379253320395946503e-02 -2.540266215801239014e-01 2.783752605319023132e-02 2.176002711057662964e-01 8.774442970752716064e-02 1.965810656547546387e-01
2.057063728570938110e-01 -7.921501249074935913e-02 -5.305809900164604187e-02 6.556226313114166260e-02 3.143830597400665283e-01 -1.146140620112419128e-01 -5.041454359889030457e-02 2.018844932317733765e-01
-1.691449135541915894e-01 -3.636812418699264526e-02 -1.232242211699485779e-01 2.293871343135833740e-01 -1.719206571578979492e-01 -5.797374993562698364e-02 2.437048852443695068e-01 1.696292459964752197e-01
1.833282560110092163e-01 5.944671109318733215e-02 -9.692768752574920654e-02 3.969521820545196533e-02 -2.192610874772071838e-02 2.242814451456069946e-01 -1.560296863317489624e-01 1.566508710384368896e-01
2.286276966333389282e-01 -9.692579507827758789e-02 -4.455354437232017517e-02 2.435170859098434448e-01 -8.301943540573120117e-03 -1.457207947969436646e-01 2.576013468205928802e-02 -2.653625607490539551e-01
-3.110060393810272217e-01 -2.380523383617401123e-01 -1.510647088289260864e-01 -9.487649798393249512e-02 -1.568212807178497314e-01 -6.421724706888198853e-02 -4.970840364694595337e-02 -1.536949425935745239e-01
2.113822996616363525e-01 -1.030616089701652527e-01 -5.942776426672935486e-02 1.785357594490051270e-01 1.707744151353836060e-01 -2.952683866024017334e-01 2.085951864719390869e-01 -2.491159439086914062e-01
-2.218599021434783936e-01 -9.735413640737533569e-02 5.836665257811546326e-02 2.411922961473464966e-01 -2.273556888103485107e-01 -3.457693010568618774e-02 2.645246684551239014e-01 2.462247014045715332e-01
-5.150438845157623291e-02 -2.442549355328083038e-02 5.270599201321601868e-02 2.198409140110015869e-01 2.161651700735092163e-01 -2.261837571859359741e-01 -3.654878959059715271e-02 -2.432791590690612793e-01
1.965999417006969452e-02 -1.018310114741325378e-01 1.169099584221839905e-01 -2.858331501483917236e-01 1.163661852478981018e-01 2.755932509899139404e-01 1.248673647642135620e-01 -2.209486514329910278e-01
1.127134636044502258e-01 -2.388033419847488403e-01 -2.032100558280944824e-01 2.163953483104705811e-01 2.232765778899192810e-02 -2.042188495397567749e-01 -2.208564616739749908e-02 -2.747767232358455658e-02
