-0.000000000000000000e+00 -2.619542181491851807e-01
-0.000000000000000000e+00 -1.917468160390853882e-01
-5.123534202575683594e-01 -3.285628184676170349e-02
-2.367443144321441650e-01 4.032776355743408203e-01
-0.000000000000000000e+00 0.000000000000000000e+00
-3.774161338806152344e-01 1.707407683134078979e-01
-1.815142035484313965e-01 0.000000000000000000e+00
-1.706474721431732178e-01 1.784823387861251831e-01
2.738897204399108887e-01 -0.000000000000000000e+00
-0.000000000000000000e+00 -1.791910976171493530e-01
-0.000000000000000000e+00 -6.517537683248519897e-02
3.659445047378540039e-01 -2.181745171546936035e-01
3.437650501728057861e-01 2.262089401483535767e-01
4.456577897071838379e-01 -3.119273781776428223e-01
1.857702583074569702e-01 4.532872438430786133e-01
1.337931156158447266e-01 -2.615266144275665283e-01
