-3.085797652602195740e-02 -3.585281956475228071e-04
-3.966325148940086365e-02 -3.809748022831627168e-06
4.905803129076957703e-02 -4.552305117249488831e-02
-3.656235583924418559e-17 -3.476010635495185852e-02
-5.007676314562559128e-03 -1.721880398690700531e-02
-3.827836597338318825e-03 1.091328555302695236e-10
-4.549149423837661743e-02 4.277139396435813978e-06
1.633632811717689037e-03 -5.942847928963601589e-04
1.425547990947961807e-02 5.447221337817609310e-04
5.243506282567977905e-03 2.418369520455598831e-03
-4.311890341341495514e-03 6.865938752889633179e-02
1.410637143999338150e-02 5.520106106996536255e-02
4.726256430149078369e-02 -7.622974226251244545e-05
2.883330904971519055e-28 -1.511627156287431717e-02
3.269729670137166977e-03 1.393138431012630463e-02
-1.845525228418409824e-03 -7.711827289313077927e-03
-9.065878223177994593e-33 7.787405424435889852e-33
3.494322765618562698e-03 2.363626117585226893e-04
1.700528446235693991e-05 -8.556331740692257881e-04
-1.843549660407006741e-03 -2.991683781147003174e-03
-1.306410296820104122e-03 2.523553121136501431e-05
2.394580515101552010e-03 1.829711603932082653e-03
4.755635187029838562e-02 5.222402513027191162e-02
-2.100424841046333313e-02 4.940451309084892273e-02
1.473462581634521484e-02 3.305508941411972046e-02
3.785844892263412476e-03 -2.542083731016386849e-11
6.026992574334144592e-02 8.543254807591438293e-03
5.048367660492658615e-03 2.748382976278662682e-03
3.482786240056157112e-03 5.331881716847419739e-02
4.707343876361846924e-03 6.394574046134948730e-02
6.699770689010620117e-02 2.907160297036170959e-02
1.381165347993373871e-02 2.295139804482460022e-02
3.251622244715690613e-02 -6.961604958632960916e-05
3.953459672629833221e-04 4.189088568091392517e-02
6.224317941814661026e-03 3.265557577833533287e-03
2.593825804069638252e-03 1.302245911210775375e-02
-5.079333484172821045e-02 3.394181637139670471e-12
-1.085365191102027893e-03 -3.050300478935241699e-02
-1.948006247403100133e-04 -2.627705596387386322e-02
-5.878816358745098114e-03 2.071498893201351166e-02
7.822313637007027864e-05 5.642341566272079945e-04
3.583835437893867493e-03 -4.338943108450621367e-05
1.775805489160120487e-03 2.990586683154106140e-03
1.389317866414785385e-02 2.940753474831581116e-03
3.645091131329536438e-02 2.285514259710907936e-03
-1.146518552559427917e-04 -2.129440545104444027e-04
-9.972460901508384268e-08 -7.268768968060612679e-04
6.460728496313095093e-02 1.185692077854128001e-08
-3.756122896447777748e-05 -1.781152375042438507e-02
-4.134366754442453384e-03 1.502230297774076462e-02
-5.012299399822950363e-03 1.624262222321704030e-05
1.887449435889720917e-02 -3.697786107659339905e-02
-1.861423440277576447e-02 -1.076273433864116669e-02
3.020951896905899048e-02 3.334976499900221825e-03
-1.566512696444988251e-02 -1.033969689160585403e-03
-5.652490258216857910e-02 -1.372257480397820473e-03
-5.737379938364028931e-02 7.453777827322483063e-03
-2.274896018207073212e-03 6.884093582630157471e-02
3.984770923852920532e-02 1.198527310043573380e-02
2.534777649998432025e-07 -3.129614982753992081e-03
-2.732479944825172424e-03 5.800284817814826965e-02
-7.286970969289541245e-03 -5.517796962521970272e-04
3.046583849936723709e-03 1.558101968839764595e-03
-1.358279772102832794e-02 -1.596511900424957275e-02
