-4.620019719004631042e-02
-2.922692336142063141e-02
5.724713951349258423e-02
7.245704531669616699e-02
7.153289765119552612e-02
6.887426972389221191e-02
4.130364581942558289e-02
7.920614629983901978e-02
-4.142977669835090637e-02
-1.116586662828922272e-02
4.157672822475433350e-02
4.473917931318283081e-02
1.552815455943346024e-02
6.940557807683944702e-02
7.646912336349487305e-02
4.762688651680946350e-02
8.539728820323944092e-03
5.455910414457321167e-02
6.398170441389083862e-02
5.622503161430358887e-02
4.186961427330970764e-02
8.489246666431427002e-02
6.010365486145019531e-02
-2.870368026196956635e-02
1.263148058205842972e-02
6.209520995616912842e-02
4.295513778924942017e-02
4.283843934535980225e-02
-3.736168146133422852e-02
2.946976572275161743e-02
6.727337837219238281e-02
8.226882666349411011e-02
