-1.361715346574783325e-01 -1.837628334760665894e-01 -2.863365784287452698e-02 1.488410830497741699e-01
-2.871409356594085693e-01 -2.813998162746429443e-01 1.898643225431442261e-01 -4.537855461239814758e-02
9.157257527112960815e-02 -3.994813561439514160e-01 -2.318119555711746216e-01 2.479403465986251831e-02
1.603350043296813965e-01 6.636466830968856812e-02 -4.826079607009887695e-01 5.829425528645515442e-03
-3.937280550599098206e-02 -2.104727476835250854e-01 -2.849593162536621094e-01 1.063375547528266907e-02
1.868586391210556030e-01 -2.722585201263427734e-01 -4.090393781661987305e-01 -1.301977336406707764e-01
-2.530629038810729980e-01 -1.491963714361190796e-01 -2.290340512990951538e-01 -2.301827305927872658e-03
1.970183998346328735e-01 5.736682191491127014e-02 -2.727224119007587433e-02 1.656551212072372437e-01
3.519020676612854004e-01 2.631507813930511475e-01 8.944351971149444580e-02 -7.250559329986572266e-02
2.490979433059692383e-01 -1.690471917390823364e-01 1.144774258136749268e-01 -3.672125563025474548e-02
-5.002518370747566223e-02 1.102907508611679077e-01 2.227726019918918610e-02 2.360072284936904907e-01
-1.001232638955116272e-01 -1.394591331481933594e-01 -4.007784724235534668e-01 5.662877578288316727e-03
-1.739906519651412964e-01 1.596469581127166748e-01 1.562933325767517090e-01 -8.653657883405685425e-02
2.559556663036346436e-01 -2.700553238391876221e-01 1.922350749373435974e-02 2.320442721247673035e-02
1.008706241846084595e-01 1.199817955493927002e-01 -4.843959808349609375e-01 2.472389191389083862e-01
-1.500965058803558350e-01 -4.208036661148071289e-01 -4.772076308727264404e-01 1.406363844871520996e-01
1.082006990909576416e-01 -2.847585976123809814e-01 -2.785423994064331055e-01 8.634177595376968384e-02
-1.912126243114471436e-01 -2.089506387710571289e-01 -4.873155057430267334e-01 1.024193614721298218e-01
3.401333391666412354e-01 3.217521309852600098e-01 -1.765687316656112671e-01 2.796442210674285889e-01
-2.788555249571800232e-02 -4.296503961086273193e-01 -2.394988983869552612e-01 2.676810920238494873e-01
1.254672557115554810e-01 2.726218998432159424e-01 3.169394433498382568e-01 2.956354431807994843e-02
3.786420822143554688e-01 -2.965745329856872559e-02 -3.895887434482574463e-01 3.523483276367187500e-01
2.548068761825561523e-01 -1.516388207674026489e-01 3.514488339424133301e-01 6.551460921764373779e-02
-2.081152647733688354e-01 -2.709324955940246582e-01 2.745490372180938721e-01 1.463918536901473999e-01
1.765123754739761353e-01 -8.931526541709899902e-02 1.826400309801101685e-01 -2.097313851118087769e-01
2.365536391735076904e-01 -1.725770235061645508e-01 2.134395837783813477e-01 3.330663442611694336e-01
-2.804626822471618652e-01 -3.293329477310180664e-01 -4.600160717964172363e-01 2.067762762308120728e-01
-1.461476981639862061e-01 1.062374189496040344e-01 3.290616571903228760e-01 1.852159798145294189e-01
-1.818542629480361938e-01 -9.869888424873352051e-02 -1.850628405809402466e-01 1.594167649745941162e-01
6.654778867959976196e-02 -2.186573892831802368e-01 -4.656786471605300903e-02 -1.149387359619140625e-01
2.852594256401062012e-01 9.727286547422409058e-02 -2.913210727274417877e-02 1.969636231660842896e-02
1.139841526746749878e-01 8.707047998905181885e-02 -3.921209573745727539e-01 5.928140506148338318e-02
