1.997205764055252075e-01 -2.531995177268981934e-01
-3.291184306144714355e-01 4.566459953784942627e-01
0.000000000000000000e+00 -0.000000000000000000e+00
-2.787506580352783203e-01 2.538151144981384277e-01
3.113127648830413818e-01 2.098070979118347168e-01
-2.966484129428863525e-01 -2.083697356283664703e-03
0.000000000000000000e+00 -1.508261710405349731e-01
-4.032125771045684814e-01 -5.482987165451049805e-01
-2.811771929264068604e-01 2.969242334365844727e-01
5.086883157491683960e-02 0.000000000000000000e+00
0.000000000000000000e+00 -0.000000000000000000e+00
-3.360953032970428467e-01 -0.000000000000000000e+00
-1.750148832798004150e-01 4.392998516559600830e-01
-1.887426674365997314e-01 4.679680168628692627e-01
3.385367393493652344e-01 -5.770348906517028809e-01
-9.211451560258865356e-02 -2.357975989580154419e-01
