-5.047352518886327744e-03
3.827833011746406555e-02
6.276512891054153442e-02
3.565116599202156067e-02
-3.121138736605644226e-02
5.047703906893730164e-02
6.431458145380020142e-02
7.075203955173492432e-02
2.266664803028106689e-02
1.911083236336708069e-02
5.053258314728736877e-02
-7.021691650152206421e-02
6.252542883157730103e-02
-8.604260161519050598e-03
3.158943355083465576e-02
5.310774967074394226e-02
5.712020397186279297e-02
-3.380824252963066101e-02
5.308122560381889343e-02
-5.642851069569587708e-02
4.329991713166236877e-02
-2.986672148108482361e-02
-5.042747035622596741e-02
-7.382525503635406494e-02
4.144014790654182434e-02
1.120560616254806519e-02
4.527764767408370972e-02
4.937496036291122437e-02
-3.306467458605766296e-02
-3.495668992400169373e-02
-3.522576391696929932e-02
1.095254998654127121e-02
5.690602958202362061e-02
6.094531714916229248e-02
5.309167504310607910e-02
2.748368307948112488e-02
1.044616103172302246e-02
4.306519031524658203e-02
7.040827721357345581e-02
-2.165068872272968292e-02
-8.423633128404617310e-02
4.750349372625350952e-02
8.440219610929489136e-02
5.912696570158004761e-02
-7.000480592250823975e-02
6.007827818393707275e-02
-3.645501658320426941e-02
-6.745318323373794556e-02
-8.480611443519592285e-02
2.652287110686302185e-02
2.358020283281803131e-02
5.515863373875617981e-02
-2.624969370663166046e-02
-2.477919124066829681e-02
-2.643751725554466248e-02
5.867755040526390076e-02
4.822437092661857605e-02
6.674556434154510498e-02
1.736153289675712585e-02
7.090122997760772705e-02
-2.657276578247547150e-02
5.995688587427139282e-02
-6.558902561664581299e-02
-3.292564535513520241e-03
