-2.104842215776443481e-01 5.364675521850585938e-01 3.515868214890360832e-03 -2.537188231945037842e-01
0.000000000000000000e+00 -4.067942798137664795e-01 -0.000000000000000000e+00 -0.000000000000000000e+00
0.000000000000000000e+00 -3.266189694404602051e-01 1.263614594936370850e-01 3.888676464557647705e-01
-2.822341024875640869e-01 -4.976191818714141846e-01 5.555357411503791809e-02 -0.000000000000000000e+00
2.157594263553619385e-01 2.976435720920562744e-01 -0.000000000000000000e+00 2.781034409999847412e-01
-0.000000000000000000e+00 -0.000000000000000000e+00 -0.000000000000000000e+00 0.000000000000000000e+00
0.000000000000000000e+00 -1.222733631730079651e-01 0.000000000000000000e+00 -0.000000000000000000e+00
1.850016564130783081e-01 -4.282604157924652100e-01 3.196315467357635498e-02 -0.000000000000000000e+00
-0.000000000000000000e+00 4.917519092559814453e-01 -3.707286119461059570e-01 -4.923935830593109131e-01
-0.000000000000000000e+00 3.635227382183074951e-01 1.798188984394073486e-01 -2.556853890419006348e-01
-0.000000000000000000e+00 3.404417335987091064e-01 -0.000000000000000000e+00 -3.175392746925354004e-01
-0.000000000000000000e+00 6.258486956357955933e-02 -0.000000000000000000e+00 -4.663192331790924072e-01
0.000000000000000000e+00 4.227999150753021240e-01 2.236273884773254395e-01 1.257017254829406738e-01
-3.489659130573272705e-01 0.000000000000000000e+00 -7.510614395141601562e-02 1.402360200881958008e-01
-0.000000000000000000e+00 2.086414247751235962e-01 -1.549317091703414917e-01 -3.374343812465667725e-01
-0.000000000000000000e+00 4.409517049789428711e-01 2.654628157615661621e-01 1.350710391998291016e-01
