-3.183671832084655762e-01 3.453381657600402832e-01 -2.942651212215423584e-01 2.693368680775165558e-02
-5.170512199401855469e-01 3.724462985992431641e-01 4.399754106998443604e-01 3.175431489944458008e-01
-4.492723569273948669e-02 2.568046748638153076e-01 -7.053271532058715820e-01 -1.341473013162612915e-01
-5.929786711931228638e-02 5.049913525581359863e-01 -4.407891929149627686e-01 -2.071835398674011230e-01
-2.633137702941894531e-01 -4.073815941810607910e-01 1.231160089373588562e-01 2.380817383527755737e-01
2.089203149080276489e-01 -5.439516901969909668e-01 8.531500585377216339e-03 4.985999464988708496e-01
4.341712892055511475e-01 -3.384079039096832275e-01 1.890592277050018311e-01 -9.808824211359024048e-02
-3.622526228427886963e-01 -2.776301503181457520e-01 -1.343268901109695435e-02 -4.260401129722595215e-01
-3.430826067924499512e-01 -3.643983304500579834e-01 -5.035411715507507324e-01 -1.756153851747512817e-01
-6.624980596825480461e-05 6.398445963859558105e-01 -2.003367841243743896e-01 -2.677647769451141357e-01
-4.038185179233551025e-01 1.138701885938644409e-01 2.097159773111343384e-01 1.629327088594436646e-01
-1.914068311452865601e-01 4.168843924999237061e-01 -1.568782627582550049e-01 4.416429996490478516e-01
-5.005292892456054688e-01 4.322306215763092041e-01 3.029730618000030518e-01 4.934827089309692383e-01
-7.015646994113922119e-02 3.069445490837097168e-01 -5.686063170433044434e-01 -3.112282752990722656e-01
-3.360727056860923767e-02 -5.388377700001001358e-03 3.612353652715682983e-02 1.833260432348993163e-09
-3.090986013412475586e-01 9.259045869112014771e-02 1.597101241350173950e-01 2.543670833110809326e-01
