-0.000000000000000000e+00 0.000000000000000000e+00 0.000000000000000000e+00 -0.000000000000000000e+00
3.810878992080688477e-01 2.910286486148834229e-01 -3.362956643104553223e-01 -1.154145374894142151e-01
-0.000000000000000000e+00 0.000000000000000000e+00 1.298630982637405396e-01 -0.000000000000000000e+00
9.278185665607452393e-02 -1.483548879623413086e-01 5.049634352326393127e-02 -3.889971375465393066e-01
5.889860913157463074e-02 -1.190432086586952209e-01 0.000000000000000000e+00 -0.000000000000000000e+00
7.827310264110565186e-02 -0.000000000000000000e+00 -9.827610850334167480e-02 0.000000000000000000e+00
2.270896546542644501e-02 2.984869778156280518e-01 0.000000000000000000e+00 -4.541381895542144775e-01
-3.532036673277616501e-03 -0.000000000000000000e+00 -3.167229294776916504e-01 -3.224595487117767334e-01
-0.000000000000000000e+00 -1.304955780506134033e-01 0.000000000000000000e+00 9.715915471315383911e-02
0.000000000000000000e+00 -5.541714280843734741e-02 4.021080955862998962e-02 2.457419335842132568e-01
1.463363915681838989e-01 2.685743272304534912e-01 -3.370431661605834961e-01 5.594205856323242188e-01
3.200691342353820801e-01 -2.777750603854656219e-03 -4.848105609416961670e-01 2.286413460969924927e-01
-0.000000000000000000e+00 -0.000000000000000000e+00 -0.000000000000000000e+00 0.000000000000000000e+00
-3.591332733631134033e-01 -1.516026109457015991e-01 8.929600566625595093e-02 -0.000000000000000000e+00
-1.679784655570983887e-01 0.000000000000000000e+00 1.113564297556877136e-01 -3.061527311801910400e-01
-0.000000000000000000e+00 -6.943506002426147461e-02 0.000000000000000000e+00 -2.128484994173049927e-01
