-2.510020881891250610e-02
-4.780155420303344727e-02
3.603477403521537781e-02
1.011604815721511841e-02
4.069114103913307190e-02
2.064291015267372131e-02
4.148318991065025330e-02
8.664563298225402832e-02
3.658208250999450684e-02
-4.606517031788825989e-02
1.275174599140882492e-02
-6.572370976209640503e-02
1.914607174694538116e-02
6.614904850721359253e-02
4.877911880612373352e-02
1.268684025853872299e-02
-9.236686676740646362e-02
6.542202830314636230e-02
2.414696291089057922e-02
4.495041444897651672e-02
-6.837260723114013672e-02
-1.969761215150356293e-02
8.509822189807891846e-02
4.775035008788108826e-02
6.528529524803161621e-02
-5.556749925017356873e-02
6.302991509437561035e-02
8.417461812496185303e-02
6.143919005990028381e-02
5.702050402760505676e-02
-7.223202288150787354e-02
2.352481707930564880e-02
1.138622779399156570e-02
-1.351067796349525452e-02
6.217028573155403137e-02
7.708607614040374756e-02
1.837382465600967407e-02
4.814423993229866028e-02
5.929935723543167114e-02
1.631691493093967438e-02
5.920261144638061523e-02
5.951897054910659790e-02
-2.650419436395168304e-02
4.304050281643867493e-02
-7.555788755416870117e-02
6.098397448658943176e-02
3.675701469182968140e-02
2.352939359843730927e-02
4.251367226243019104e-02
3.637988492846488953e-02
4.664462059736251831e-02
4.186822101473808289e-02
-3.595909848809242249e-02
6.608001887798309326e-02
-3.929869085550308228e-02
1.031427457928657532e-02
5.788680538535118103e-02
5.616452172398567200e-02
4.059806093573570251e-02
-7.902349531650543213e-02
-3.603805601596832275e-02
2.076909877359867096e-03
2.217247523367404938e-02
6.803882867097854614e-02
