1.643516421318054199e-01 -5.013922927901148796e-04 -2.684234976768493652e-01 6.448065489530563354e-02
1.899304613471031189e-02 5.419034138321876526e-02 1.846887022256851196e-01 3.010284900665283203e-02
4.468531906604766846e-02 -3.666285276412963867e-01 -7.499229907989501953e-02 -2.500489354133605957e-01
1.435230579227209091e-02 -9.648648090660572052e-03 -3.021193146705627441e-01 -8.508785068988800049e-02
-2.235311865806579590e-01 -3.013083934783935547e-01 1.439229119569063187e-02 2.322954237461090088e-01
3.609586358070373535e-01 5.006470158696174622e-02 1.452727466821670532e-01 1.398683637380599976e-01
-6.631828099489212036e-02 -1.538875550031661987e-01 1.169257238507270813e-01 2.611211836338043213e-01
2.889738082885742188e-01 1.576985120773315430e-01 -1.748954355716705322e-01 -2.851770520210266113e-01
1.766631603240966797e-01 2.329110652208328247e-01 1.980085968971252441e-01 2.552409768104553223e-01
1.302012652158737183e-01 -2.046928554773330688e-01 -9.711976349353790283e-02 1.596299558877944946e-01
-1.185752600431442261e-01 2.579106986522674561e-01 1.409551203250885010e-01 -4.832278192043304443e-02
2.466965466737747192e-02 -1.731079816818237305e-01 -1.599946320056915283e-01 -1.453543901443481445e-01
1.499571055173873901e-01 1.936473399400711060e-01 -2.301872372627258301e-01 6.500447541475296021e-02
-1.164493188261985779e-01 -2.330692708492279053e-01 1.658177971839904785e-01 -2.726646959781646729e-01
6.807476282119750977e-03 -2.867285609245300293e-01 1.597932875156402588e-01 -1.534791141748428345e-01
3.287251293659210205e-01 3.334901928901672363e-01 -2.534163296222686768e-01 9.040670096874237061e-02
1.995052248239517212e-01 6.500199437141418457e-02 9.869693219661712646e-02 -2.185603529214859009e-01
-1.635203510522842407e-01 6.951218843460083008e-02 1.114003285765647888e-01 5.349065642803907394e-03
1.702615469694137573e-01 -7.839913666248321533e-02 2.504714429378509521e-01 2.948735356330871582e-01
-2.634416520595550537e-01 5.056009441614151001e-02 3.178871870040893555e-01 1.099252477288246155e-01
-7.904029637575149536e-02 3.530579060316085815e-02 6.772509962320327759e-02 1.507210433483123779e-01
2.191322892904281616e-01 -1.497096717357635498e-01 3.103646636009216309e-01 -1.904793977737426758e-01
-1.051299870014190674e-01 3.483135700225830078e-01 5.825825501233339310e-03 -1.787508279085159302e-02
-5.924376845359802246e-02 -2.567034959793090820e-01 1.463112533092498779e-01 3.753668069839477539e-01
-3.686229512095451355e-02 1.486196666955947876e-01 1.483824551105499268e-01 1.588414162397384644e-01
-1.074575334787368774e-01 -1.144007816910743713e-01 -8.941843360662460327e-02 -1.867642402648925781e-01
4.812055453658103943e-02 -1.523490846157073975e-01 -2.190950363874435425e-01 -1.882479488849639893e-01
-8.714424818754196167e-02 2.974890768527984619e-01 9.625231474637985229e-02 -1.543122157454490662e-02
-5.718043819069862366e-02 1.963284015655517578e-01 2.193481028079986572e-01 3.047876060009002686e-01
-7.122009992599487305e-02 -1.126677021384239197e-01 3.006514906883239746e-01 6.777202337980270386e-02
-2.531733363866806030e-02 1.668566912412643433e-01 1.034616306424140930e-01 -1.192553490400314331e-01
7.136012613773345947e-02 -9.076927602291107178e-02 2.173495292663574219e-01 2.813066840171813965e-01
2.462433576583862305e-01 -1.853790283203125000e-01 -1.507851779460906982e-01 2.244722247123718262e-01
1.671235710382461548e-01 4.257127270102500916e-02 5.160011723637580872e-02 1.413148939609527588e-01
-3.592309057712554932e-01 1.251761168241500854e-01 3.046793304383754730e-02 9.884393215179443359e-02
2.155542373657226562e-02 -2.818654179573059082e-01 1.248236596584320068e-01 -3.892113268375396729e-01
-1.613187044858932495e-01 3.127711713314056396e-01 2.265333980321884155e-01 -5.069240927696228027e-02
1.553118824958801270e-01 1.664637178182601929e-01 -1.045007407665252686e-01 3.672765493392944336e-01
-1.234190240502357483e-01 3.463665843009948730e-01 -8.275525271892547607e-02 1.085536256432533264e-01
2.932976782321929932e-01 -7.627826184034347534e-02 2.291215062141418457e-01 2.763422131538391113e-01
8.874816447496414185e-02 3.339466825127601624e-02 -1.457891240715980530e-02 2.529824674129486084e-01
7.266265898942947388e-02 -1.780984923243522644e-02 -1.108965501189231873e-01 -2.941310405731201172e-01
1.350691318511962891e-01 -2.597054839134216309e-01 1.715041995048522949e-01 -1.680672541260719299e-02
-1.037863790988922119e-01 -2.608693540096282959e-01 -7.816535979509353638e-02 -1.810676604509353638e-01
1.728191673755645752e-01 -3.378181755542755127e-01 -1.450144946575164795e-01 1.154882386326789856e-01
1.916004270315170288e-01 -3.716872930526733398e-01 -8.918516337871551514e-02 3.643260151147842407e-02
1.703996211290359497e-02 -1.004116907715797424e-01 -5.109307169914245605e-02 3.215052485466003418e-01
3.315755724906921387e-01 6.640694290399551392e-02 3.526802733540534973e-02 -1.256719082593917847e-01
-2.183794528245925903e-01 -5.945899174548685551e-04 3.341407477855682373e-01 2.355838716030120850e-01
-2.425866387784481049e-02 -2.505881786346435547e-01 -4.910822957754135132e-02 -5.019650235772132874e-02
-2.043024152517318726e-01 -3.685358911752700806e-02 -1.598929986357688904e-02 1.309569925069808960e-01
-1.332848221063613892e-01 -3.003820180892944336e-01 3.001833260059356689e-01 -1.948585659265518188e-01
2.582376301288604736e-01 1.497409194707870483e-01 -2.756335772573947906e-02 6.413959711790084839e-02
7.833211869001388550e-02 2.329535037279129028e-01 -2.670518122613430023e-03 3.371397256851196289e-01
2.019610255956649780e-01 2.989536225795745850e-01 -2.464743331074714661e-02 -5.455192178487777710e-02
3.650717437267303467e-02 1.415625214576721191e-01 1.470499634742736816e-01 2.267828583717346191e-01
-1.077868640422821045e-01 5.914961546659469604e-02 5.450620502233505249e-02 7.720141112804412842e-02
9.164439886808395386e-02 -3.351104855537414551e-01 -8.518196642398834229e-02 -1.351317912340164185e-01
1.533239185810089111e-01 -1.941435933113098145e-01 -1.370652616024017334e-01 -4.092966392636299133e-02
1.398289855569601059e-02 1.933290064334869385e-01 -1.320852637290954590e-01 -1.230309307575225830e-01
2.324771732091903687e-01 1.572221815586090088e-01 -2.761119231581687927e-02 5.245985230430960655e-04
2.042851038277149200e-02 1.671130657196044922e-01 -5.924035329371690750e-03 1.478931456804275513e-01
2.515290081501007080e-01 2.395909875631332397e-01 2.006760798394680023e-02 6.017111707478761673e-03
-8.884476870298385620e-02 2.110334783792495728e-01 -1.306647658348083496e-01 8.850890398025512695e-02
