8.596346527338027954e-02
1.013499200344085693e-01
1.169515475630760193e-01
1.500446200370788574e-01
7.538883388042449951e-02
1.282542943954467773e-01
9.233859926462173462e-02
4.064311459660530090e-02
2.384513150900602341e-03
1.197797432541847229e-01
9.858031570911407471e-02
1.904208771884441376e-02
1.335801184177398682e-01
1.316031515598297119e-01
1.417610645294189453e-01
3.019239753484725952e-02
9.433953464031219482e-02
1.142916977405548096e-01
1.828041672706604004e-02
5.336771160364151001e-02
1.498935669660568237e-01
1.092850193381309509e-01
1.296779066324234009e-01
1.055542081594467163e-01
1.295927017927169800e-01
1.553657557815313339e-02
1.562732905149459839e-01
1.013734340667724609e-01
1.487327218055725098e-01
2.881152369081974030e-02
-1.882362365722656250e-02
1.149614751338958740e-01
1.160786747932434082e-01
7.241733372211456299e-02
6.291787326335906982e-02
7.144647091627120972e-02
1.999677158892154694e-02
3.822422586381435394e-03
1.476907432079315186e-01
-3.625090047717094421e-02
5.670014768838882446e-02
8.019953966140747070e-02
-7.708859443664550781e-02
-1.155615504831075668e-02
3.336488083004951477e-02
1.252020001411437988e-01
-5.747869983315467834e-02
6.845666468143463135e-02
7.927797734737396240e-02
6.004838645458221436e-02
8.277439326047897339e-02
7.976707816123962402e-02
-6.245914380997419357e-03
9.854679554700851440e-02
4.994294047355651855e-02
1.308403462171554565e-01
1.053314357995986938e-01
1.093571409583091736e-01
8.098466694355010986e-02
9.043098241090774536e-02
8.703101426362991333e-02
3.455129265785217285e-02
-1.968419738113880157e-02
1.056622117757797241e-01
