4.909733310341835022e-02
1.307023316621780396e-01
6.676194071769714355e-02
1.276680082082748413e-01
-2.775769308209419250e-02
6.710664927959442139e-02
8.048112690448760986e-02
3.298300877213478088e-02
6.543636322021484375e-02
-8.531764894723892212e-02
-8.454418182373046875e-02
1.244142800569534302e-01
-9.203432500362396240e-02
1.776458881795406342e-02
7.763830013573169708e-03
-3.653330728411674500e-02
1.121902242302894592e-01
3.028786182403564453e-02
-1.010317951440811157e-01
9.953495860099792480e-02
6.022890284657478333e-02
-4.669882357120513916e-02
4.384722188115119934e-02
-5.912475287914276123e-03
2.033566683530807495e-02
7.956402748823165894e-02
3.350802510976791382e-02
5.880642309784889221e-02
4.964010417461395264e-02
4.340788722038269043e-02
5.045884847640991211e-02
1.412535738199949265e-02
1.299015581607818604e-01
6.051877140998840332e-02
-3.853517351672053337e-03
1.301386207342147827e-01
1.944877952337265015e-02
1.202791854739189148e-01
3.477988019585609436e-02
8.197815716266632080e-02
-1.067199185490608215e-02
-7.786985486745834351e-03
8.689495176076889038e-02
7.791396230459213257e-02
2.999406494200229645e-02
-6.143554113805294037e-03
5.832131952047348022e-02
3.261557221412658691e-02
-6.041557714343070984e-02
7.287148386240005493e-02
1.711621694266796112e-02
-9.849012643098831177e-02
-8.693277090787887573e-02
-1.972103677690029144e-02
7.058916985988616943e-02
5.593536421656608582e-02
3.872412443161010742e-02
1.047794222831726074e-01
6.133024767041206360e-02
5.370651558041572571e-02
-3.924909234046936035e-02
-9.769243001937866211e-02
6.113499775528907776e-02
-9.839989244937896729e-02
