-9.376858174800872803e-02
1.213857531547546387e-01
5.170728638768196106e-02
1.110646035522222519e-02
-4.173219203948974609e-02
8.859882503747940063e-02
-5.353277176618576050e-02
-7.175265997648239136e-02
1.125522255897521973e-01
1.006347611546516418e-01
-2.587022073566913605e-02
-2.881292812526226044e-02
-7.492582499980926514e-02
9.729044139385223389e-02
1.010238751769065857e-01
3.081894665956497192e-02
-4.672337323427200317e-02
1.180061846971511841e-01
3.844820335507392883e-02
7.885485142469406128e-02
7.714585959911346436e-02
9.998530149459838867e-02
9.695035964250564575e-02
9.362899512052536011e-02
6.863325089216232300e-02
6.992491334676742554e-02
-6.484352797269821167e-02
7.229425013065338135e-02
1.114546731114387512e-01
-1.551004499197006226e-01
9.549706429243087769e-02
1.180977821350097656e-01
-9.300251305103302002e-02
6.748792529106140137e-02
7.815451174974441528e-02
1.048387661576271057e-01
-2.993431314826011658e-02
8.821975439786911011e-02
1.018296331167221069e-01
5.250914767384529114e-02
7.276123762130737305e-02
5.189425870776176453e-02
-1.653751879930496216e-01
-4.994830861687660217e-02
6.037297099828720093e-02
1.171364411711692810e-01
2.963254787027835846e-02
-5.977772921323776245e-02
-1.238806289620697498e-03
-1.233859732747077942e-02
-1.015117466449737549e-01
8.623893558979034424e-02
6.601387262344360352e-02
1.162877231836318970e-01
-1.311949193477630615e-01
-1.143689006567001343e-01
-1.499566584825515747e-01
1.052596271038055420e-01
9.534472972154617310e-02
-1.400201171636581421e-01
8.459082245826721191e-02
8.964899927377700806e-02
1.051866710186004639e-01
6.445685029029846191e-02
