-4.817292839288711548e-02 3.474317025393247604e-03
-6.172697246074676514e-02 9.682450327090919018e-04
1.509215384721755981e-01 3.329283371567726135e-02
3.696872293949127197e-02 -2.492424845695495605e-02
4.616425721906125546e-04 7.577675091852142941e-07
2.070689350366592407e-01 6.822659075260162354e-02
4.748146515339612961e-03 1.054583442794410075e-08
1.389981247484683990e-02 2.032037265598773956e-02
2.244227975606918335e-01 6.177118793129920959e-02
1.454123556613922119e-01 9.684029966592788696e-02
7.838490605354309082e-02 -2.428014948964118958e-02
1.349341473542153835e-03 -1.084600226022303104e-03
-1.517037209123373032e-02 7.231674389913678169e-04
2.993945479393005371e-01 1.290407497435808182e-02
-2.509144321084022522e-02 3.052932908758521080e-03
8.711691945791244507e-02 -1.916642300784587860e-02
9.525261819362640381e-03 1.883785054087638855e-02
-8.493828028440475464e-02 1.134227775037288666e-02
1.370586752891540527e-01 2.256656996905803680e-02
-1.627139933407306671e-02 4.625699296593666077e-02
-2.042208053171634674e-02 1.426309626549482346e-02
2.913659512996673584e-01 1.545856148004531860e-02
1.352642178535461426e-01 5.561929941177368164e-02
2.698280811309814453e-01 5.554282572120428085e-03
2.291728258132934570e-01 5.534992739558219910e-02
-2.441737614572048187e-02 -2.615406550467014313e-02
3.690324723720550537e-02 1.285082066801446210e-12
2.319030463695526123e-01 7.522319257259368896e-02
-9.644370526075363159e-02 -1.557122101075947285e-03
-3.287383913993835449e-02 -3.860437124967575073e-02
2.893136441707611084e-01 4.532469436526298523e-02
3.503463268280029297e-01 6.308828294277191162e-02
-1.143873017281293869e-02 1.515845942776650190e-04
2.327950298786163330e-01 4.406202584505081177e-02
1.672533601522445679e-01 4.277973622083663940e-02
-3.572271764278411865e-02 1.198864483740180731e-04
2.767075784504413605e-02 1.221673563122749329e-03
1.644726991653442383e-01 4.238384589552879333e-02
-8.397369831800460815e-02 -8.875998901203274727e-04
1.894557178020477295e-01 1.456292346119880676e-02
1.650163829326629639e-01 4.232473671436309814e-02
1.377451419830322266e-01 1.411040406674146652e-02
-7.447279989719390869e-02 6.859154906123876572e-03
4.035667330026626587e-02 -2.687633968889713287e-02
2.103405892848968506e-01 -5.478356406092643738e-02
-8.463802933692932129e-02 5.845526466146111488e-04
1.052252575755119324e-01 1.636489853262901306e-02
8.827044814825057983e-02 -5.141425132751464844e-02
1.154002919793128967e-02 -5.787293240427970886e-02
5.943974829278886318e-04 -1.944665018527302891e-05
-3.044308535754680634e-02 5.601607263088226318e-04
-6.330253928899765015e-02 -8.327647298574447632e-02
2.035984694957733154e-01 4.068150371313095093e-02
3.141389787197113037e-01 7.777433097362518311e-02
-8.879502117633819580e-02 -2.132615260779857635e-02
-1.098276861011981964e-02 2.449489757418632507e-02
-5.687593296170234680e-02 3.959975391626358032e-02
-6.832148879766464233e-02 -8.800663636066019535e-04
-3.732985630631446838e-02 3.612733259797096252e-02
-1.055394783616065979e-01 1.819868921302258968e-03
2.086189687252044678e-01 -2.999803237617015839e-02
-3.033204004168510437e-02 5.049116443842649460e-03
-4.310483485460281372e-02 2.592922933399677277e-02
-5.217051506042480469e-02 -5.065992590971291065e-04
