9.085976518690586090e-03
5.656500160694122314e-02
2.595601417124271393e-02
-1.457253750413656235e-02
7.835602760314941406e-02
9.184889495372772217e-02
-9.524507075548171997e-02
-1.442738529294729233e-02
3.793517127633094788e-02
1.105848476290702820e-01
-6.292209774255752563e-02
-6.114824116230010986e-02
6.562422960996627808e-02
1.106119602918624878e-01
4.562122374773025513e-02
-7.160595804452896118e-02
1.013309955596923828e-01
7.848148047924041748e-02
8.127539604902267456e-02
2.150621451437473297e-02
7.846976071596145630e-02
8.085855096578598022e-02
6.393942981958389282e-02
2.784861065447330475e-02
3.353113308548927307e-02
9.756135940551757812e-02
1.408820748329162598e-01
-1.063317134976387024e-01
2.134249359369277954e-02
6.797582656145095825e-02
-7.900112122297286987e-02
9.197662584483623505e-03
1.800187863409519196e-02
2.277393452823162079e-02
2.813819982111454010e-02
9.343741834163665771e-02
7.602549623697996140e-03
1.233727857470512390e-02
1.742032915353775024e-02
-2.666017971932888031e-02
2.965715527534484863e-02
4.915127530694007874e-02
5.304157733917236328e-02
3.732697293162345886e-02
1.243323087692260742e-01
7.050761952996253967e-03
-3.356478363275527954e-02
6.386149674654006958e-02
7.665684819221496582e-02
5.380807444453239441e-02
4.333399981260299683e-02
1.052731648087501526e-02
-9.395463019609451294e-02
9.668791294097900391e-02
-5.367717146873474121e-02
-3.425431903451681137e-03
-5.437899380922317505e-02
-5.674685910344123840e-02
1.663304679095745087e-02
4.851555824279785156e-02
7.692696154117584229e-02
8.812895976006984711e-03
-9.080579876899719238e-02
1.013031527400016785e-01
