-5.107857286930084229e-03 1.457805745303630829e-02
-2.067378759384155273e-01 -3.554011881351470947e-02
1.073278561234474182e-01 -8.455467410385608673e-03
-2.802991122007369995e-02 4.198312014341354370e-02
-1.819496303796768188e-01 4.656875506043434143e-03
-1.228959336876869202e-01 -1.136504299938678741e-02
-9.706782549619674683e-02 -1.195205152034759521e-01
-3.026261180639266968e-02 -2.702710032463073730e-02
-2.231692075729370117e-01 1.856900453567504883e-01
1.785609722137451172e-01 8.688917011022567749e-02
6.513896584510803223e-02 8.338588476181030273e-02
8.369704009965062141e-04 3.635923936963081360e-02
2.751520089805126190e-02 1.310717910528182983e-01
1.501366794109344482e-01 5.130694806575775146e-02
-2.604346871376037598e-01 8.249425143003463745e-02
-9.251552820205688477e-02 -5.856632068753242493e-02
2.139098010957241058e-02 7.839955389499664307e-02
1.392028667032718658e-02 9.775322675704956055e-02
-1.731484085321426392e-01 -7.293397095054388046e-03
-2.234441041946411133e-01 7.672312110662460327e-02
3.381280973553657532e-02 5.782823264598846436e-02
-2.602140009403228760e-01 -5.035223811864852905e-02
6.397365033626556396e-02 1.845537722110748291e-01
-3.024949133396148682e-01 -6.351468712091445923e-02
-1.847551316022872925e-01 1.835099048912525177e-02
-1.601085960865020752e-01 5.915243178606033325e-03
1.966690719127655029e-01 1.778002679347991943e-01
-1.052460297942161560e-01 -4.351082444190979004e-02
2.612227573990821838e-02 7.008717209100723267e-02
-1.742540597915649414e-01 -1.252027141163125634e-05
7.264067232608795166e-02 -9.881118685007095337e-02
-1.758475154638290405e-01 -8.035813271999359131e-02
-1.823343485593795776e-01 1.493842527270317078e-02
-2.461711913347244263e-01 -2.380947209894657135e-02
-1.505824178457260132e-01 2.644852548837661743e-02
2.503049559891223907e-02 1.114928647875785828e-01
5.735822021961212158e-02 8.242000825703144073e-03
-2.658036649227142334e-01 -5.123770236968994141e-02
-2.698917090892791748e-01 4.153256863355636597e-02
1.879649311304092407e-01 1.418042629957199097e-01
-1.707282066345214844e-01 -1.466429326683282852e-02
1.492156386375427246e-01 -4.833186790347099304e-02
1.020287647843360901e-01 9.379123151302337646e-02
1.083687543869018555e-01 1.124605685472488403e-01
2.012841850519180298e-01 1.975309550762176514e-01
-2.572305798530578613e-01 -7.767523080110549927e-02
-3.009704314172267914e-02 -9.860195219516754150e-02
-1.530384868383407593e-01 -7.532329112291336060e-02
-1.059357747435569763e-01 5.901457741856575012e-02
-2.587450742721557617e-01 -1.078456547111272812e-02
1.330027878284454346e-01 7.997457683086395264e-02
-2.765540778636932373e-01 -1.137707307934761047e-01
-4.333430901169776917e-02 -3.757957369089126587e-02
-3.990895301103591919e-02 1.101449206471443176e-01
1.049887388944625854e-01 3.878485783934593201e-02
1.581264100968837738e-02 -1.970290951430797577e-02
-9.478721022605895996e-02 -9.159152954816818237e-02
1.346792131662368774e-01 3.700055554509162903e-02
1.347258090972900391e-01 1.240238696336746216e-01
-1.485107243061065674e-01 2.518499828875064850e-02
2.171693891286849976e-01 1.060561016201972961e-01
4.558398574590682983e-02 8.048626594245433807e-03
9.813085943460464478e-02 -1.161940097808837891e-01
7.744032144546508789e-02 9.241598844528198242e-02
