1.564382761716842651e-02
4.097029194235801697e-02
1.537796761840581894e-02
4.028585553169250488e-02
6.212524697184562683e-02
8.218565490096807480e-04
4.832862317562103271e-02
6.318368017673492432e-02
-6.178132724016904831e-03
3.997200354933738708e-02
1.450221985578536987e-01
1.019896045327186584e-01
7.214739173650741577e-02
5.505929887294769287e-02
1.253194268792867661e-02
-4.985071718692779541e-02
5.544089153409004211e-02
6.107620149850845337e-02
-1.494447607547044754e-02
-5.413020495325326920e-03
7.376601547002792358e-02
-5.443079024553298950e-02
4.927028715610504150e-02
1.064725741744041443e-01
5.506198108196258545e-02
-9.000260033644735813e-04
3.608267381787300110e-02
9.783975780010223389e-03
5.021289736032485962e-02
4.032264277338981628e-02
-7.243603467941284180e-02
5.103113874793052673e-02
