2.219453454017639160e-01 1.222817450761795044e-01 1.565584689378738403e-01 -4.803231358528137207e-02
-7.909289002418518066e-02 -1.378690358251333237e-03 7.744225859642028809e-02 1.689784675836563110e-01
-4.761470854282379150e-02 -1.016639396548271179e-01 1.075040400028228760e-01 -5.436455830931663513e-02
-1.479345262050628662e-01 7.049120962619781494e-02 2.270444482564926147e-01 1.117010265588760376e-01
-1.037315428256988525e-01 8.321846276521682739e-02 -1.688640415668487549e-01 9.399232454597949982e-03
1.521011441946029663e-01 1.071081086993217468e-01 -1.016433238983154297e-01 2.031159847974777222e-01
2.639827691018581390e-02 9.688980877399444580e-02 1.457151770591735840e-01 2.160730212926864624e-01
8.739766478538513184e-02 -3.826171392574906349e-03 -1.262728776782751083e-02 -1.116593927145004272e-01
-2.985927276313304901e-02 -1.075976863503456116e-01 -8.194492012262344360e-02 -1.804230362176895142e-01
-1.886383444070816040e-02 9.303420782089233398e-02 1.958948187530040741e-02 -9.790949523448944092e-02
-6.320533156394958496e-02 -5.362617224454879761e-02 1.659671217203140259e-01 -9.188065677881240845e-02
1.996794492006301880e-01 -1.095378324389457703e-01 -1.261163502931594849e-01 -1.751812547445297241e-02
1.406871080398559570e-01 1.175337657332420349e-01 -2.395456284284591675e-01 -1.183430179953575134e-01
7.655070722103118896e-02 2.196255177259445190e-01 8.826532214879989624e-02 1.761741489171981812e-01
1.221630722284317017e-01 -1.602696031332015991e-01 2.151795625686645508e-01 -2.012522071599960327e-01
6.707968562841415405e-02 4.388909041881561279e-02 4.429265856742858887e-02 -2.015110105276107788e-01
7.295415550470352173e-02 -8.387748897075653076e-02 1.717138290405273438e-01 1.884869039058685303e-01
1.488844454288482666e-01 -1.059710141271352768e-02 -9.250875562429428101e-02 -8.195921778678894043e-02
2.165068536996841431e-01 -8.350227773189544678e-02 -2.090175636112689972e-02 1.125010326504707336e-01
7.438440620899200439e-02 5.021922290325164795e-02 -1.606428809463977814e-02 1.263278424739837646e-01
7.554001361131668091e-02 -4.486411809921264648e-03 -1.685732305049896240e-01 3.877056762576103210e-02
1.407553404569625854e-01 1.876438558101654053e-01 -1.994211673736572266e-01 1.175445392727851868e-01
5.059906840324401855e-02 1.331250667572021484e-01 -4.395717009902000427e-02 -1.764651089906692505e-01
-1.411658376455307007e-01 1.414681319147348404e-03 -7.702236622571945190e-02 -1.322156339883804321e-01
5.938915535807609558e-02 -4.753697663545608521e-02 4.735063016414642334e-02 1.276863217353820801e-01
-4.011496435850858688e-03 -1.582529991865158081e-01 2.850788645446300507e-02 2.663314938545227051e-01
3.018757328391075134e-02 1.094135418534278870e-01 -3.859588503837585449e-02 -9.471408277750015259e-02
-1.117909699678421021e-01 -1.945536136627197266e-01 2.841144502162933350e-01 5.555817857384681702e-02
1.378330588340759277e-01 1.446652561426162720e-01 -2.048638015985488892e-01 8.114841580390930176e-02
1.357006132602691650e-01 9.952568449079990387e-03 6.055580824613571167e-02 4.508836939930915833e-02
-1.522465199232101440e-01 6.405673176050186157e-02 -2.400798499584197998e-01 -2.094538360834121704e-01
1.892820596694946289e-01 -1.434091627597808838e-01 -9.037792682647705078e-02 -2.573969066143035889e-01
-1.193618178367614746e-01 -9.196920692920684814e-02 -1.990702562034130096e-02 -2.689099013805389404e-01
3.752491902559995651e-03 3.407213464379310608e-02 7.227078080177307129e-02 -2.177710384130477905e-01
1.357390433549880981e-01 -1.235344354063272476e-02 -1.971285603940486908e-02 2.589002847671508789e-01
8.095299452543258667e-02 1.807103753089904785e-01 -4.578753560781478882e-02 -1.577826291322708130e-01
6.469418853521347046e-02 -1.463980674743652344e-01 -1.174301728606224060e-01 2.615485489368438721e-01
2.095719985663890839e-02 1.190796941518783569e-01 -2.461498975753784180e-01 -2.653219103813171387e-01
3.212729468941688538e-02 -1.117454916238784790e-01 7.070507109165191650e-02 1.879643648862838745e-01
1.593901067972183228e-01 8.452872931957244873e-02 -7.450707256793975830e-02 -1.009016036987304688e-01
5.988176539540290833e-02 1.062369272112846375e-01 -2.204151749610900879e-01 8.475435525178909302e-02
-3.664189018309116364e-03 -7.706179469823837280e-02 9.775929152965545654e-02 1.727370619773864746e-01
-6.029253825545310974e-02 -4.696448892354965210e-02 2.242164500057697296e-02 -2.302636206150054932e-01
-7.233971357345581055e-02 -1.013215482234954834e-01 1.693194173276424408e-02 2.372777163982391357e-01
5.034629255533218384e-02 -1.937188208103179932e-01 3.424818813800811768e-02 -1.140355616807937622e-01
5.110276490449905396e-02 9.702989459037780762e-02 1.305413246154785156e-01 -2.612904906272888184e-01
7.864830642938613892e-02 1.418160945177078247e-01 5.414742603898048401e-02 -9.976200014352798462e-02
2.996238693594932556e-02 -1.129351928830146790e-01 -1.027134731411933899e-01 -1.310553997755050659e-01
-8.258458226919174194e-02 9.748036414384841919e-02 -2.558272480964660645e-01 1.394473910331726074e-01
6.797697395086288452e-02 -2.848832122981548309e-02 1.471356302499771118e-01 3.909778315573930740e-03
-5.865150690078735352e-02 -1.254278421401977539e-02 6.735943257808685303e-02 -8.504062891006469727e-03
-1.683319509029388428e-01 -1.323473919183015823e-02 -1.786637008190155029e-01 -6.714581698179244995e-02
-1.479148864746093750e-01 -1.323208361864089966e-01 5.425338819622993469e-02 -1.749731972813606262e-02
1.052675545215606689e-01 -6.188830733299255371e-02 -8.648120611906051636e-02 -1.066624894738197327e-01
1.595522910356521606e-01 1.539273709058761597e-01 2.160834968090057373e-01 -1.060224100947380066e-01
-1.407435089349746704e-01 1.091008335351943970e-01 -1.014275997877120972e-01 -1.052728071808815002e-01
1.482591219246387482e-02 1.118473932147026062e-01 -2.195091545581817627e-01 1.101058498024940491e-01
1.013710945844650269e-01 4.990180209279060364e-02 -1.159867495298385620e-01 1.654881089925765991e-01
5.774153396487236023e-02 1.889813877642154694e-02 2.830558717250823975e-01 3.995045274496078491e-02
8.895908482372760773e-03 8.138778060674667358e-02 -2.257966250181198120e-01 1.155389174818992615e-01
-6.510283797979354858e-02 -1.302153915166854858e-01 1.049630790948867798e-01 1.042544320225715637e-01
2.421696186065673828e-01 -1.699697524309158325e-01 2.209284454584121704e-01 9.408965706825256348e-02
6.158364936709403992e-02 -4.700648784637451172e-02 1.208981126546859741e-01 -2.714048139750957489e-02
2.185328491032123566e-02 8.374432474374771118e-02 1.724579930305480957e-01 2.318055834621191025e-03
