7.582744956016540527e-02
-2.665886655449867249e-02
9.676630049943923950e-02
-2.864689799025654793e-03
1.139993518590927124e-01
7.018326222896575928e-02
0.000000000000000000e+00
-7.066915929317474365e-02
-1.030870005488395691e-01
2.910731360316276550e-03
8.645645529031753540e-02
-1.862072758376598358e-02
1.063573360443115234e-01
-5.458948388695716858e-02
1.828275620937347412e-02
9.612287580966949463e-02
0.000000000000000000e+00
8.674272149801254272e-02
9.181974083185195923e-02
-2.297375584021210670e-03
1.076324027962982655e-03
9.143684804439544678e-02
-2.095792442560195923e-02
8.643385022878646851e-03
5.109903588891029358e-02
3.604854643344879150e-02
9.828164428472518921e-02
4.650833830237388611e-02
-7.538496702909469604e-02
8.491677045822143555e-02
7.993645220994949341e-02
9.801319241523742676e-02
3.367118909955024719e-02
4.328933358192443848e-02
1.124045345932245255e-02
2.328992448747158051e-02
8.773979544639587402e-02
7.253414392471313477e-02
7.298409193754196167e-02
1.379119511693716049e-02
-5.740283802151679993e-02
-2.005467750132083893e-02
-1.054720208048820496e-02
1.191246323287487030e-02
1.045993939042091370e-01
-4.229349642992019653e-02
9.331100620329380035e-03
3.697478026151657104e-02
-6.648715585470199585e-02
9.193193167448043823e-02
-7.175610214471817017e-02
1.266671251505613327e-02
7.353046536445617676e-02
3.448300808668136597e-02
7.399646192789077759e-02
1.914212107658386230e-02
7.899191975593566895e-02
9.595937281847000122e-02
-4.109996557235717773e-02
5.162416398525238037e-02
9.221468865871429443e-02
7.147219777107238770e-02
2.179597038775682449e-03
-3.251454234123229980e-02
