-2.496712058782577515e-01 6.082636490464210510e-02 2.308849543333053589e-01 -2.719819247722625732e-01
-1.732792705297470093e-01 1.488700136542320251e-02 2.156953215599060059e-01 2.001172602176666260e-01
-8.494120091199874878e-02 1.814401592127978802e-03 -1.407170295715332031e-01 -8.776219934225082397e-02
-1.900673806667327881e-01 -1.393829882144927979e-01 -6.664372980594635010e-02 -1.957910954952239990e-01
1.727755516767501831e-01 -8.157075941562652588e-02 -2.975351810455322266e-01 1.112534552812576294e-01
-1.716118305921554565e-01 2.939275801181793213e-01 2.106505818665027618e-02 -2.463165670633316040e-01
-2.748495936393737793e-01 3.018932640552520752e-01 -9.375317394733428955e-02 1.834171563386917114e-01
1.830798983573913574e-01 -2.050301879644393921e-01 -3.176063597202301025e-01 -2.099709212779998779e-01
5.227383971214294434e-02 -1.208715587854385376e-01 -1.039892211556434631e-01 2.181151658296585083e-01
8.230736106634140015e-02 -1.756536811590194702e-01 -4.096525907516479492e-01 -3.246037662029266357e-01
-2.193741649389266968e-01 3.604819253087043762e-02 2.824285328388214111e-01 -7.052261382341384888e-02
-1.839585751295089722e-01 -4.166588559746742249e-02 3.238259553909301758e-01 2.173412144184112549e-01
8.689917623996734619e-02 9.064984321594238281e-02 -1.648770570755004883e-01 1.507118791341781616e-01
-5.185786169022321701e-03 2.805744111537933350e-02 -2.269304729998111725e-02 -1.228522360324859619e-01
1.198142766952514648e-01 1.458258628845214844e-01 -2.082921415567398071e-01 -2.228541374206542969e-01
-2.609767913818359375e-01 -1.281906962394714355e-01 9.062648750841617584e-03 -2.238381654024124146e-01
-1.333342492580413818e-01 5.714918673038482666e-02 1.111444607377052307e-01 -1.281029880046844482e-01
-1.933677643537521362e-01 -2.628505527973175049e-01 -5.810901895165443420e-02 2.249704450368881226e-01
1.546835303306579590e-01 -2.596316635608673096e-01 7.337392121553421021e-02 4.891315475106239319e-02
-2.695497572422027588e-01 7.623758912086486816e-02 3.800600022077560425e-02 -2.463758736848831177e-01
-1.682067662477493286e-01 -1.039967834949493408e-01 1.950358897447586060e-01 -2.240569293498992920e-01
1.703188866376876831e-01 -1.396294981241226196e-01 2.748175561428070068e-01 -1.484826505184173584e-01
4.322887957096099854e-02 -5.533670634031295776e-02 3.672670423984527588e-01 2.217304557561874390e-01
-1.752018779516220093e-01 8.987522870302200317e-02 2.804306149482727051e-01 1.618526130914688110e-02
1.017671450972557068e-01 -1.139897406101226807e-01 2.713397704064846039e-02 9.304342418909072876e-02
-1.956975311040878296e-01 9.295111149549484253e-02 1.759360879659652710e-01 -1.783142238855361938e-01
-1.330557316541671753e-01 -2.273335456848144531e-01 1.788628548383712769e-01 8.841617405414581299e-02
-4.844766855239868164e-02 -2.554120123386383057e-01 5.775355175137519836e-02 3.124161362648010254e-01
1.645696014165878296e-01 -1.205754205584526062e-01 -3.395599722862243652e-01 -6.849033385515213013e-02
2.470536530017852783e-02 3.252314627170562744e-01 3.158562183380126953e-01 2.446645796298980713e-01
-2.108816802501678467e-01 2.166160345077514648e-01 1.659181551076471806e-03 3.402425944805145264e-01
5.804295465350151062e-02 -1.085097063332796097e-02 -1.798790693283081055e-01 -1.694195866584777832e-01
6.103769410401582718e-03 2.180464863777160645e-01 2.362402826547622681e-01 -2.767862677574157715e-01
1.022975295782089233e-01 3.583699464797973633e-01 -1.626849323511123657e-01 -2.284498959779739380e-01
-8.020461350679397583e-02 3.418017923831939697e-01 -1.396926343441009521e-01 1.209433749318122864e-02
-1.845673918724060059e-01 1.312788426876068115e-01 -2.846987843513488770e-01 -2.442642347887158394e-03
-2.775651514530181885e-01 2.506863093003630638e-03 2.333948761224746704e-01 -1.815803349018096924e-01
-9.320522844791412354e-02 1.931941956281661987e-01 -1.624821424484252930e-01 -2.310916930437088013e-01
4.691476374864578247e-02 -2.324539721012115479e-01 2.211433500051498413e-01 -2.521688342094421387e-01
-4.908636957406997681e-02 -1.515412181615829468e-01 -2.118556499481201172e-01 -4.811337590217590332e-02
3.025745786726474762e-02 -2.003633677959442139e-01 -5.299210315570235252e-04 1.776485890150070190e-01
-3.068729303777217865e-03 2.344127446413040161e-01 -1.170898750424385071e-01 -2.325046807527542114e-01
2.435841411352157593e-01 3.315463364124298096e-01 -6.879687309265136719e-02 1.137926951050758362e-01
-7.271786779165267944e-02 -8.559691719710826874e-03 -3.561423420906066895e-01 -3.746034801006317139e-01
3.360898792743682861e-02 -1.635811328887939453e-01 9.951953543350100517e-04 2.796905934810638428e-01
-1.899446994066238403e-01 3.089677989482879639e-01 -5.073594301939010620e-02 9.511119872331619263e-02
-3.721968233585357666e-01 1.584346741437911987e-01 -3.918455541133880615e-02 1.130471704527735710e-03
-2.829215824604034424e-01 6.847286969423294067e-02 5.338734015822410583e-02 -3.013383448123931885e-01
-3.292127251625061035e-01 1.366474926471710205e-01 1.716246753931045532e-01 -2.680370509624481201e-01
-5.302362889051437378e-02 4.732039757072925568e-03 6.034895838364519599e-30 -4.715004935860633850e-02
-1.537671312689781189e-02 1.579616777598857880e-02 2.843944132328033447e-01 4.044356942176818848e-01
-1.687859445810317993e-01 -3.209142386913299561e-01 2.006631791591644287e-01 -4.501716047525405884e-02
-1.163806393742561340e-01 -2.161931842565536499e-01 -5.462185665965080261e-02 -2.548320293426513672e-01
-3.020394444465637207e-01 -2.165945805609226227e-02 1.940828710794448853e-01 -2.659641802310943604e-01
-6.093613430857658386e-02 -2.812634110450744629e-01 -2.536263465881347656e-01 1.043560206890106201e-01
-1.856060773134231567e-01 -3.640355467796325684e-01 -1.739830374717712402e-01 -3.213902711868286133e-01
1.777330040931701660e-01 6.499245762825012207e-02 -2.650038897991180420e-01 2.282029241323471069e-01
2.658229470252990723e-01 -1.935238242149353027e-01 -3.951795771718025208e-02 1.084100455045700073e-03
-9.247559309005737305e-02 2.041270434856414795e-01 1.895141154527664185e-01 1.150671094655990601e-01
1.485738903284072876e-01 -3.843654692173004150e-01 1.402428559958934784e-02 7.729507237672805786e-02
-1.540429741144180298e-01 -1.285317703150212765e-03 8.131547830998897552e-03 -3.552660942077636719e-01
2.215036153793334961e-01 -1.556607037782669067e-01 -1.939396411180496216e-01 -1.251087337732315063e-01
6.696650385856628418e-02 3.931259512901306152e-01 -1.589583307504653931e-01 -1.491068452596664429e-01
2.028474397957324982e-02 -3.057040274143218994e-01 1.371225863695144653e-01 -1.851168423891067505e-01
