0.000000000000000000e+00
-2.813205681741237640e-02
6.264479458332061768e-02
7.691180706024169922e-02
4.505164176225662231e-02
-4.507968202233314514e-02
1.354518346488475800e-02
2.780567295849323273e-02
3.159954771399497986e-02
0.000000000000000000e+00
3.769452869892120361e-02
-1.537916343659162521e-02
1.017951220273971558e-02
-4.926009103655815125e-02
3.100843355059623718e-02
-3.746343404054641724e-02
-8.014430850744247437e-02
1.328126061707735062e-02
-3.301426395773887634e-02
-3.594875335693359375e-02
2.425837889313697815e-02
0.000000000000000000e+00
5.457522720098495483e-02
7.473615556955337524e-02
2.405562065541744232e-02
-1.226659677922725677e-02
-5.138884484767913818e-02
-4.508027061820030212e-02
5.916177853941917419e-02
4.652853682637214661e-02
6.489337980747222900e-02
1.530376821756362915e-02
-6.745623797178268433e-02
7.586783729493618011e-03
1.016837824136018753e-02
0.000000000000000000e+00
7.126800715923309326e-02
1.974754780530929565e-02
-3.121882118284702301e-02
-3.788131102919578552e-02
3.918940573930740356e-02
2.609357424080371857e-02
-9.557162411510944366e-04
-3.265763446688652039e-02
0.000000000000000000e+00
-4.254241287708282471e-02
0.000000000000000000e+00
5.446708202362060547e-02
2.702715061604976654e-02
5.953099578619003296e-02
5.274542793631553650e-02
3.679609298706054688e-02
-1.058640610426664352e-02
6.567186117172241211e-02
-1.128949318081140518e-02
3.159449994564056396e-02
-1.714167557656764984e-02
6.566526740789413452e-02
0.000000000000000000e+00
3.727940097451210022e-02
0.000000000000000000e+00
0.000000000000000000e+00
2.852687425911426544e-02
-5.126720134285278618e-05
