-1.065541952848434448e-01 -4.181454692686418961e-32 -1.639516651630401611e-02 2.652016235515475273e-03
-1.465583443641662598e-01 5.731392279267311096e-02 1.872337758541107178e-01 -2.439903914928436279e-01
1.299424469470977783e-01 -8.390906453132629395e-02 3.133634328842163086e-01 -2.339085489511489868e-01
3.366107121109962463e-02 -2.156201153993606567e-01 9.934152662754058838e-02 -1.381946653127670288e-01
-6.134953815490007401e-03 -1.967692524194717407e-01 -1.924164295196533203e-01 3.481560200452804565e-02
-3.958485089242458344e-03 -1.706777699291706085e-02 6.542434543371200562e-02 4.870824143290519714e-02
-3.866843134164810181e-02 -9.944370388984680176e-02 1.705274134874343872e-01 -1.480889320373535156e-01
1.215257123112678528e-01 -2.067953050136566162e-01 -1.375155001878738403e-01 -3.880697116255760193e-02
1.492765843868255615e-01 -3.660802543163299561e-02 2.802396118640899658e-01 1.472220867872238159e-01
-2.066662041499967017e-08 9.652860899223014712e-05 1.472685579210519791e-02 -2.660308734100166189e-14
2.291702926158905029e-01 5.981592461466789246e-02 9.389658272266387939e-02 7.709853351116180420e-02
1.453237831592559814e-01 1.601118892431259155e-01 -7.695250958204269409e-02 -1.935153454542160034e-01
-1.685322076082229614e-01 -2.824011147022247314e-01 1.696492135524749756e-01 9.766078740358352661e-02
2.590273022651672363e-01 1.708703935146331787e-01 9.343454986810684204e-02 1.594773232936859131e-01
2.721419036388397217e-01 1.797344535589218140e-01 9.935734421014785767e-02 -9.667411446571350098e-02
4.743388667702674866e-02 7.583397626876831055e-02 7.541003078222274780e-02 -9.446563571691513062e-02
-1.043810248374938965e-01 2.018566876649856567e-01 -4.836305975914001465e-02 1.735671758651733398e-01
2.772634327411651611e-01 -2.551493942737579346e-01 3.325868025422096252e-02 1.165142729878425598e-01
3.927602246403694153e-02 -1.320346891880035400e-01 -9.824131429195404053e-02 -2.301462553441524506e-02
8.199513703584671021e-02 1.196130067110061646e-01 1.735794693231582642e-01 -2.058190405368804932e-01
-9.324184060096740723e-02 -2.130992263555526733e-01 -2.397660613059997559e-01 -1.292230933904647827e-01
1.026800349354743958e-01 -4.109424725174903870e-02 -3.153867728542536497e-04 6.960030645132064819e-02
-5.505879223346710205e-02 -9.451328217983245850e-02 2.343257069587707520e-01 2.677487581968307495e-02
1.471304297447204590e-01 1.822236925363540649e-03 2.190883010625839233e-01 -1.251049041748046875e-01
2.692436277866363525e-01 -4.467933252453804016e-02 -1.648106873035430908e-01 -9.694386273622512817e-02
-5.371525138616561890e-02 1.027609258890151978e-01 -7.535592430940596387e-06 4.086694866418838501e-02
-2.063215523958206177e-01 7.139162719249725342e-02 1.858181655406951904e-01 -4.627189040184020996e-02
-4.179149121046066284e-02 4.110545851290225983e-03 -3.740923944860696793e-03 8.714517205953598022e-02
2.392714321613311768e-01 -2.440960705280303955e-01 2.865749597549438477e-01 1.749652028083801270e-01
3.028340041637420654e-01 2.061307057738304138e-02 -1.217523664236068726e-01 -1.976709067821502686e-01
1.309283226728439331e-01 -1.525206565856933594e-01 2.400382012128829956e-01 -1.275781542062759399e-01
1.954322606325149536e-01 1.475281268358230591e-01 -2.579022347927093506e-01 -2.346344888210296631e-01
1.114917248487472534e-01 1.860043406486511230e-01 2.765185572206974030e-02 6.579902768135070801e-02
1.934345662593841553e-01 -1.272313948720693588e-02 -2.850524783134460449e-01 -2.939311265945434570e-01
-1.139044016599655151e-01 -4.214817285537719727e-02 1.335709393024444580e-01 -1.792642176151275635e-01
-8.758965097275736578e-14 -3.421645715206977911e-06 -1.422014366835355759e-02 -2.711463448279036059e-32
2.757867798209190369e-02 -2.274951189756393433e-01 1.147735677659511566e-02 -2.415073961019515991e-01
-4.095673561096191406e-02 1.448005735874176025e-01 2.004967182874679565e-01 -1.986528746783733368e-02
-1.459678113460540771e-01 1.371699720621109009e-01 1.655590385198593140e-01 -1.157250031828880310e-01
-5.285685136914253235e-02 -1.217447500675916672e-02 1.267417073249816895e-01 4.425182566046714783e-02
2.478444278240203857e-01 3.748382627964019775e-02 -8.036740869283676147e-02 -1.439275741577148438e-01
6.738378852605819702e-02 9.484072774648666382e-02 2.072176784276962280e-01 5.222896859049797058e-02
-3.691977181006222963e-04 -6.114745885133743286e-02 -5.445865914225578308e-02 1.184408515691757202e-01
2.582889236509799957e-02 4.229688644409179688e-02 1.674552559852600098e-01 -9.395143389701843262e-02
3.466659411787986755e-02 -1.082471247422900470e-16 5.910551641136407852e-03 -1.421024743467569351e-02
-1.101384535431861877e-01 -8.389163762331008911e-02 4.952368140220642090e-02 1.341936290264129639e-01
7.918497920036315918e-02 -3.252118825912475586e-02 -9.713433682918548584e-03 -7.473829388618469238e-02
2.406966537237167358e-01 -1.451873630285263062e-01 -1.940598711371421814e-02 -1.481653302907943726e-01
-1.372346132993698120e-01 -2.852710783481597900e-01 -9.431245177984237671e-02 -5.287917703390121460e-02
2.555175125598907471e-01 -1.142170205712318420e-01 2.166830003261566162e-01 -1.097372616641223431e-03
1.353286951780319214e-01 -1.774080991744995117e-01 -1.430550515651702881e-01 -4.669710248708724976e-02
1.444367617368698120e-01 -2.700757682323455811e-01 -2.739825844764709473e-01 -8.585697412490844727e-02
-2.574121113866567612e-03 -1.122479438781738281e-01 7.067847251892089844e-02 1.181527785956859589e-02
1.807500571012496948e-01 -1.330870389938354492e-01 1.353716012090444565e-02 -2.890778183937072754e-01
-9.912106208503246307e-03 -1.564012054586783051e-04 2.368729619774967432e-04 3.394399769604206085e-03
1.057288944721221924e-01 -2.476197928190231323e-01 -2.017004638910293579e-01 2.186056971549987793e-01
-2.797261625528335571e-02 1.728020459413528442e-01 7.749961316585540771e-02 -2.099238932132720947e-01
2.285208404064178467e-01 -1.473549306392669678e-01 2.038511335849761963e-01 -5.312072485685348511e-02
9.233201295137405396e-02 -1.548368297517299652e-02 2.424456033622846007e-05 2.709388113002659310e-32
-9.599754214286804199e-02 -2.159488499164581299e-01 -1.281201839447021484e-01 2.605525031685829163e-02
3.500173985958099365e-02 -1.056989912262551456e-11 -8.400794863700866699e-02 5.673591662916118350e-32
1.319646253250539303e-03 -1.859213970601558685e-02 1.390893551971695852e-32 1.527226413600146770e-05
2.458406984806060791e-01 -2.034224867820739746e-01 -1.862296015024185181e-01 2.056099325418472290e-01
-1.602836400270462036e-01 -9.088652580976486206e-02 -7.139893621206283569e-02 5.239219218492507935e-02
