-4.853227734565734863e-02
-3.240640088915824890e-02
-6.106101721525192261e-02
7.052440196275711060e-02
-1.224068552255630493e-01
6.146908923983573914e-02
-4.562627896666526794e-02
1.797108724713325500e-02
-1.011765375733375549e-01
2.028670348227024078e-02
4.070027172565460205e-02
-8.057286590337753296e-02
2.823553979396820068e-02
-2.101225219666957855e-02
9.611867368221282959e-02
-3.947886452078819275e-02
-1.265933662652969360e-01
3.556856513023376465e-02
-3.999791108071804047e-03
5.118793994188308716e-02
-2.245515817776322365e-03
-1.648693345487117767e-02
8.765763789415359497e-02
-6.278866529464721680e-02
-9.622974321246147156e-03
-6.568113714456558228e-02
7.632345706224441528e-02
-8.800368010997772217e-02
-5.883979052305221558e-02
-6.277301162481307983e-02
-9.785244613885879517e-02
-2.936549857258796692e-02
1.417382154613733292e-03
-6.264096498489379883e-02
-1.726369932293891907e-02
3.001940809190273285e-02
6.849630922079086304e-02
-5.926384404301643372e-02
-5.547364428639411926e-02
-8.867844939231872559e-02
6.158839166164398193e-02
4.455076530575752258e-03
8.309826999902725220e-02
-2.554252743721008301e-02
8.630320429801940918e-02
-6.623373366892337799e-03
-2.350851707160472870e-02
3.374649584293365479e-02
-1.994691975414752960e-02
2.476435154676437378e-02
-9.200177341699600220e-02
2.256739139556884766e-02
1.560285687446594238e-01
-4.227411374449729919e-02
3.842988237738609314e-02
-7.679729908704757690e-02
-1.038081049919128418e-01
-1.831933856010437012e-02
6.066171079874038696e-02
-8.287904784083366394e-03
5.027195066213607788e-02
3.230999410152435303e-02
-1.196175999939441681e-02
6.695808470249176025e-02
