1.771562099456787109e-01 -1.158256679773330688e-01
1.520272791385650635e-01 -1.751056015491485596e-01
-2.251038998365402222e-01 -2.250545024871826172e-01
1.209819093346595764e-01 1.139007732272148132e-01
-2.137479633092880249e-01 5.334448441863059998e-02
8.825648576021194458e-02 1.016307547688484192e-01
-2.286535650491714478e-01 -6.154836341738700867e-02
-1.317323297262191772e-01 -7.963201031088829041e-03
2.416904568672180176e-01 -1.249468699097633362e-01
-1.960661858320236206e-01 1.950258165597915649e-01
2.680157870054244995e-02 6.037023290991783142e-02
-6.421137601137161255e-02 -5.572961643338203430e-02
2.100382447242736816e-01 6.252592056989669800e-02
1.264122426509857178e-01 5.590791255235671997e-02
3.331203460693359375e-01 -1.072266027331352234e-01
6.615839153528213501e-02 1.118072420358657837e-01
-5.371506884694099426e-02 2.086919695138931274e-01
7.579343020915985107e-02 -2.274603098630905151e-01
-9.216248989105224609e-02 4.690422490239143372e-02
2.113120444118976593e-02 8.291583508253097534e-02
1.934307068586349487e-01 -1.428176611661911011e-01
1.599646359682083130e-01 -1.571612656116485596e-01
1.429606527090072632e-01 -3.528267145156860352e-01
-1.025779843330383301e-01 -4.287358373403549194e-02
2.407982647418975830e-01 1.563886366784572601e-02
-6.615595519542694092e-02 -1.707816123962402344e-01
5.236695334315299988e-02 -5.890165269374847412e-02
1.840911805629730225e-01 -1.329118162393569946e-01
-2.196375876665115356e-01 1.340306699275970459e-01
-1.265814453363418579e-01 -2.023248821496963501e-01
-1.628901511430740356e-01 2.501507475972175598e-02
-2.199240624904632568e-01 2.063330709934234619e-01
2.890792787075042725e-01 -4.268878139555454254e-03
-2.943706214427947998e-01 -1.233378350734710693e-01
-1.884521394968032837e-01 -1.784111000597476959e-02
-1.826422810554504395e-01 -9.798864275217056274e-02
3.239806294441223145e-01 -1.659233868122100830e-01
-1.619787216186523438e-01 2.143606776371598244e-03
7.275595329701900482e-03 1.854560822248458862e-01
-1.657359600067138672e-01 -1.497376710176467896e-01
9.230072051286697388e-02 -3.143785893917083740e-01
6.756572425365447998e-02 -3.067638576030731201e-01
2.485160529613494873e-01 -2.946614623069763184e-01
-8.882280439138412476e-02 -1.020372286438941956e-01
3.213087618350982666e-01 -7.441906630992889404e-02
1.203060336410999298e-02 -1.701205372810363770e-01
-7.826866209506988525e-02 1.880169957876205444e-01
4.745114967226982117e-02 1.047339737415313721e-01
1.956361904740333557e-02 1.023435443639755249e-01
-2.870336733758449554e-02 1.189892962574958801e-01
-1.803455203771591187e-01 -4.328033700585365295e-02
7.025140523910522461e-02 -3.007670938968658447e-01
4.071911573410034180e-01 -1.342827230691909790e-01
-4.991262406110763550e-02 1.929695457220077515e-01
2.517539560794830322e-01 -1.901957094669342041e-01
-2.292788028717041016e-01 3.607965260744094849e-02
-1.169915124773979187e-01 -9.489008225500583649e-03
-2.588043510913848877e-01 -1.313190162181854248e-01
3.540784865617752075e-02 2.987750470638275146e-01
2.813558876514434814e-01 2.004372328519821167e-01
3.012351989746093750e-01 -1.531777381896972656e-01
1.585795879364013672e-01 -2.104559093713760376e-01
-2.125881463289260864e-01 9.494123607873916626e-02
-4.519443958997726440e-02 6.864979118108749390e-02
