4.106204956769943237e-02
-6.551878526806831360e-03
-6.332251243293285370e-03
-2.396882139146327972e-02
-1.585421618074178696e-03
-9.022070094943046570e-03
1.950868219137191772e-02
-2.323047071695327759e-02
-5.073441192507743835e-02
4.095474723726511002e-03
-1.502420473843812943e-02
-6.379223428666591644e-03
-2.777560241520404816e-02
-3.097725129919126630e-05
-1.711660623550415039e-02
6.833673920482397079e-03
5.230322945863008499e-03
-4.193609580397605896e-02
3.664002940058708191e-02
-1.714166626334190369e-02
2.646785043179988861e-02
5.305337719619274139e-03
-9.496879763901233673e-03
-1.761440932750701904e-02
-2.058701217174530029e-02
1.921798801049590111e-03
-3.777622058987617493e-02
-5.941173993051052094e-03
1.222098059952259064e-02
1.843948266468942165e-03
5.750098451972007751e-02
-2.666819654405117035e-02
-3.499513864517211914e-02
-3.869453445076942444e-02
1.070702634751796722e-02
-5.452539771795272827e-03
3.768004849553108215e-02
2.216824097558856010e-03
3.043913096189498901e-02
4.098501056432723999e-02
-3.452597558498382568e-02
-4.777964204549789429e-02
-1.763808727264404297e-02
-4.293470084667205811e-02
-9.944495745003223419e-03
-3.110870346426963806e-02
-2.446223609149456024e-02
-1.795679517090320587e-02
-3.658300638198852539e-02
4.309073090553283691e-02
-2.644048444926738739e-02
4.240370821207761765e-03
3.606581687927246094e-02
-1.884930022060871124e-02
-2.677415264770388603e-03
-1.142967399209737778e-02
5.273747723549604416e-03
-2.528865262866020203e-02
5.651813000440597534e-03
6.401665159501135349e-04
-3.089894726872444153e-02
-6.083948165178298950e-02
1.602753810584545135e-02
-8.112727664411067963e-03
-3.027927689254283905e-02
-3.329987451434135437e-02
-3.669378906488418579e-02
-7.636303454637527466e-02
-1.226051244884729385e-03
-2.113071829080581665e-02
-3.165682777762413025e-02
-6.386908236891031265e-03
1.870531588792800903e-02
-4.243303090333938599e-02
-3.959311917424201965e-02
3.447704017162322998e-02
-5.717608146369457245e-03
-9.550655260682106018e-03
-4.555039107799530029e-03
9.633089415729045868e-03
2.511856332421302795e-02
2.463556267321109772e-02
-3.000225871801376343e-02
-8.878725767135620117e-02
-9.182952344417572021e-04
-1.732226833701133728e-02
1.731521449983119965e-02
1.012129057198762894e-02
-4.371404647827148438e-02
-2.218578383326530457e-02
-2.409450896084308624e-02
-3.147129341959953308e-02
-3.724353760480880737e-02
1.402096822857856750e-02
-2.299688383936882019e-02
-2.867188490927219391e-02
-2.829807810485363007e-02
-1.663807081058621407e-03
-2.338925004005432129e-02
-6.440659612417221069e-02
-5.796898156404495239e-03
-3.198463842272758484e-02
1.817171089351177216e-02
3.088994137942790985e-02
-4.098561406135559082e-02
-5.025855731219053268e-03
7.694514933973550797e-03
-1.634206250309944153e-02
-1.990818977355957031e-02
1.709001138806343079e-02
-6.118995137512683868e-03
1.220209756866097450e-03
5.623708479106426239e-03
-3.078538365662097931e-02
9.236873127520084381e-03
1.119871065020561218e-02
4.846963658928871155e-02
3.631991147994995117e-02
-1.328507903963327408e-02
-2.518423646688461304e-02
2.743797376751899719e-02
-7.582579739391803741e-03
3.866655007004737854e-02
-4.413858428597450256e-02
1.666105352342128754e-02
-2.472602762281894684e-02
-4.624435305595397949e-02
-7.699645357206463814e-04
