-1.140603870153427124e-01 3.881968185305595398e-02 -4.799562692642211914e-02 2.726806104183197021e-01
-1.512950807809829712e-01 -1.317380219697952271e-01 7.600130140781402588e-02 -6.688254326581954956e-02
1.031298749148845673e-02 -4.642109945416450500e-02 -7.294551283121109009e-02 1.388970464468002319e-01
-1.558060497045516968e-01 1.702918708324432373e-01 -1.296111047267913818e-01 -5.086794868111610413e-02
2.182904630899429321e-01 -2.433534711599349976e-02 -1.010555848479270935e-01 -2.073948532342910767e-01
1.672177761793136597e-01 1.183904334902763367e-01 -5.334575474262237549e-02 -5.555157735943794250e-02
-5.350429937243461609e-02 9.130000136792659760e-03 -2.060075104236602783e-01 2.611693441867828369e-01
2.817511744797229767e-02 1.177525445818901062e-01 2.565591223537921906e-02 1.324132978916168213e-01
1.105113327503204346e-01 -1.406070739030838013e-01 2.170824445784091949e-02 -3.101314604282379150e-02
-9.666524082422256470e-02 1.537555456161499023e-01 1.577767282724380493e-01 2.001040577888488770e-01
2.149430364370346069e-01 2.996736764907836914e-02 -1.136655434966087341e-01 1.742825508117675781e-01
-1.894919201731681824e-02 1.624072790145874023e-01 -1.866603791713714600e-01 -1.814955472946166992e-01
-5.205495748668909073e-03 -1.242517083883285522e-01 -1.303670555353164673e-01 1.030364930629730225e-01
-3.116723522543907166e-02 -6.038922071456909180e-02 -7.199622690677642822e-02 -6.307786703109741211e-02
-1.252489984035491943e-01 1.144545618444681168e-02 1.166488826274871826e-01 1.245227009057998657e-01
-1.780219003558158875e-02 9.997677803039550781e-02 -8.578350394964218140e-02 1.327099353075027466e-01
-1.440328210592269897e-01 -1.319799125194549561e-01 -5.296090990304946899e-02 1.458732187747955322e-01
1.335586905479431152e-01 1.998837739229202271e-01 -1.711300462484359741e-01 4.099354147911071777e-02
8.341722190380096436e-03 1.968852579593658447e-01 -1.401026844978332520e-01 -8.940014243125915527e-02
1.156754791736602783e-01 1.691367328166961670e-01 1.924002915620803833e-02 -8.035618811845779419e-02
1.429258733987808228e-01 1.460905522108078003e-01 5.155272036790847778e-02 9.884312748908996582e-02
-1.045416966080665588e-01 1.668312251567840576e-01 2.357860505580902100e-01 -1.549914628267288208e-01
-1.390912234783172607e-01 1.338774710893630981e-02 -1.568952500820159912e-01 -1.739307790994644165e-01
1.010074988007545471e-01 1.194145604968070984e-01 5.972601100802421570e-02 -1.184365674853324890e-01
-8.842314593493938446e-03 -1.579910814762115479e-01 7.788011431694030762e-02 1.424428373575210571e-01
1.405857652425765991e-01 -7.490045577287673950e-02 -2.034230530261993408e-02 4.287434741854667664e-02
5.848046019673347473e-02 -7.413382828235626221e-02 2.520361356437206268e-02 -5.915971100330352783e-02
1.434403508901596069e-01 -9.897483885288238525e-02 1.537060141563415527e-01 -5.663377232849597931e-03
1.729974895715713501e-01 -5.805576220154762268e-02 -1.022910550236701965e-01 -1.689385622739791870e-01
7.129187136888504028e-02 -6.227975338697433472e-02 1.534627974033355713e-01 9.664729982614517212e-02
1.416838616132736206e-01 -4.732246045023202896e-03 1.698982864618301392e-01 -1.481751203536987305e-01
-1.031351089477539062e-01 -1.432949751615524292e-01 6.422338634729385376e-02 2.427364327013492584e-02
2.546401694416999817e-02 1.479920446872711182e-01 -9.798735380172729492e-02 -1.487480551004409790e-01
-1.967102438211441040e-01 -1.417549103498458862e-01 -2.846511546522378922e-03 5.552765727043151855e-02
1.420766264200210571e-01 2.052692472934722900e-01 -3.915200382471084595e-02 2.184342741966247559e-01
1.378905773162841797e-01 1.709796339273452759e-01 1.757805198431015015e-01 -1.657715626060962677e-02
2.134890407323837280e-01 -1.667721271514892578e-01 -1.210849732160568237e-01 -1.308781653642654419e-01
1.138071566820144653e-01 1.217987462878227234e-01 1.250671595335006714e-01 1.231037080287933350e-01
1.461152583360671997e-01 -1.304499357938766479e-01 -1.671652793884277344e-01 1.798544824123382568e-01
-1.285766512155532837e-01 1.654768139123916626e-01 8.408372849225997925e-02 3.481401875615119934e-02
-7.242954522371292114e-02 -8.981824852526187897e-03 -6.628707796335220337e-02 -7.885136455297470093e-02
-1.741164922714233398e-01 -1.463797390460968018e-01 -9.407086670398712158e-02 -7.437697052955627441e-02
8.872766047716140747e-02 -1.053684651851654053e-01 1.251438558101654053e-01 -1.889155060052871704e-01
-1.716514527797698975e-01 -6.971424818038940430e-02 -7.981793954968452454e-03 -5.640114471316337585e-02
2.824521251022815704e-02 -9.835385717451572418e-03 -9.480909258127212524e-02 1.410712450742721558e-01
-1.400378346443176270e-01 2.307471446692943573e-02 3.460062667727470398e-02 -3.376170620322227478e-02
-7.560379058122634888e-02 -1.528415232896804810e-01 1.237900480628013611e-01 -9.220688045024871826e-02
6.520093232393264771e-02 1.386564075946807861e-01 1.345068812370300293e-01 -1.308711916208267212e-01
1.126333773136138916e-01 2.991674095392227173e-02 2.342048436403274536e-01 -1.633862406015396118e-01
-1.520381867885589600e-01 8.568970113992691040e-02 -7.402444630861282349e-02 1.820363551378250122e-01
1.069919690489768982e-01 -1.861205697059631348e-01 1.745114922523498535e-01 8.278783410787582397e-02
-1.254574060440063477e-01 1.352235227823257446e-01 -8.577226847410202026e-02 -1.856440901756286621e-01
-4.450434818863868713e-02 -7.158166170120239258e-02 1.332302242517471313e-01 1.902164518833160400e-01
1.409166865050792694e-02 -6.724612414836883545e-02 -7.531759329140186310e-04 1.581458747386932373e-01
-1.596479862928390503e-01 1.091853305697441101e-01 -1.217537671327590942e-01 1.930434554815292358e-01
1.049730852246284485e-01 -6.735811382532119751e-02 1.388913765549659729e-02 6.610203534364700317e-02
-3.717235988005995750e-03 7.827506214380264282e-02 -1.847644746303558350e-01 2.264702916145324707e-01
-1.687474846839904785e-01 1.134256348013877869e-01 1.075931340456008911e-01 -9.118726104497909546e-02
1.713022291660308838e-01 -8.741616457700729370e-02 -7.607568055391311646e-02 5.084904655814170837e-02
-1.506434231996536255e-01 2.183379977941513062e-01 1.354290395975112915e-01 4.108985513448715210e-02
-3.182948380708694458e-02 -8.501662313938140869e-02 -2.049289047718048096e-01 9.557542949914932251e-02
-4.792741313576698303e-02 -7.594320923089981079e-03 1.483526378870010376e-01 -1.704098284244537354e-01
5.763906612992286682e-02 -6.048509106040000916e-02 -6.838056445121765137e-02 1.415553987026214600e-01
-1.823376119136810303e-01 4.191512241959571838e-02 2.367410808801651001e-02 -1.312526464462280273e-01
1.863313168287277222e-01 5.664420127868652344e-02 -1.345934160053730011e-02 -6.085962429642677307e-02
-6.571804732084274292e-02 -1.580705791711807251e-01 3.379698470234870911e-02 2.059258520603179932e-01
-1.659907847642898560e-01 -8.275823295116424561e-02 2.899973466992378235e-02 -1.244535073637962341e-01
-1.166282445192337036e-01 -1.183590441942214966e-01 1.198128759860992432e-01 -1.497435271739959717e-01
6.784059852361679077e-02 -5.730172991752624512e-02 2.838427014648914337e-02 -2.328715287148952484e-02
1.111356094479560852e-01 1.152144372463226318e-01 -7.664756476879119873e-02 1.996215879917144775e-01
-1.332195848226547241e-01 1.314310133457183838e-01 1.288760900497436523e-01 -1.682517379522323608e-01
2.159186005592346191e-01 -7.401615381240844727e-02 4.753920435905456543e-02 1.737524121999740601e-01
9.035500884056091309e-02 -3.004826046526432037e-02 1.870756894350051880e-01 -9.929153323173522949e-02
9.211609512567520142e-02 7.530322670936584473e-02 2.298775762319564819e-01 -1.958669722080230713e-01
1.701018810272216797e-01 1.385307908058166504e-01 -1.282744575291872025e-03 -1.166530996561050415e-01
-7.055659592151641846e-02 1.656509786844253540e-01 1.148126274347305298e-01 2.234187722206115723e-01
1.714919656515121460e-01 -1.194760575890541077e-01 -1.006132513284683228e-01 7.858490198850631714e-02
2.118211835622787476e-01 3.013984300196170807e-02 1.138926446437835693e-01 -1.670139580965042114e-01
1.469420641660690308e-01 2.575746178627014160e-02 -8.263084292411804199e-02 -1.363141685724258423e-01
4.234708845615386963e-03 -1.319701373577117920e-01 -7.443892210721969604e-02 2.392786145210266113e-01
-1.419641077518463135e-01 -4.007279500365257263e-02 1.809782981872558594e-01 2.083839476108551025e-01
1.965705305337905884e-01 -1.260230690240859985e-01 -5.946585908532142639e-02 -7.127455621957778931e-02
-1.670075505971908569e-01 -1.701150685548782349e-01 1.258204281330108643e-01 1.530115026980638504e-02
1.578092277050018311e-01 7.458559423685073853e-02 1.676882058382034302e-01 -1.843933612108230591e-01
9.184002131223678589e-02 -9.005682915449142456e-02 -1.689251959323883057e-01 -1.701307445764541626e-01
-2.197663113474845886e-02 1.315714120864868164e-01 -3.681052103638648987e-02 -1.728093773126602173e-01
1.451704055070877075e-01 1.814472377300262451e-01 3.881453722715377808e-02 1.681236028671264648e-01
2.624652534723281860e-02 6.306332349777221680e-02 8.952450752258300781e-02 1.348506063222885132e-01
5.529430508613586426e-02 -1.708638519048690796e-01 1.215228289365768433e-01 -4.973949491977691650e-02
-1.022935286164283752e-01 -1.919197589159011841e-01 2.143955826759338379e-01 -4.061612859368324280e-02
1.038410514593124390e-01 1.104031652212142944e-01 -8.678281679749488831e-03 -7.580707222223281860e-02
-6.397774815559387207e-02 -1.591331660747528076e-01 -1.159090846776962280e-01 1.051876973360776901e-02
9.251450188457965851e-03 2.092207036912441254e-02 -2.036930471658706665e-01 1.323155015707015991e-01
-8.872000128030776978e-02 1.875168234109878540e-01 -2.285913527011871338e-01 1.646780222654342651e-01
-3.207651525735855103e-02 -9.056769311428070068e-02 1.747676730155944824e-01 2.635896578431129456e-02
-1.414963006973266602e-01 -1.261492222547531128e-01 7.723859045654535294e-03 -5.402604583650827408e-03
-3.715397417545318604e-02 8.226153254508972168e-02 9.215521812438964844e-02 -2.374053448438644409e-01
1.083158701658248901e-01 1.120103895664215088e-01 8.003335446119308472e-02 1.442703753709793091e-01
1.459848433732986450e-01 -3.842313541099429131e-03 5.158964917063713074e-02 -1.769102513790130615e-01
-4.590619355440139771e-02 1.924129128456115723e-01 -1.156013384461402893e-01 2.405793815851211548e-01
-1.260545998811721802e-01 9.963852167129516602e-02 2.058331072330474854e-01 -1.110525242984294891e-02
-1.791412830352783203e-01 -6.462431699037551880e-02 8.823856711387634277e-02 -9.068781882524490356e-02
-1.686867028474807739e-01 9.559681266546249390e-02 2.004407495260238647e-01 -1.734304577112197876e-01
1.298983544111251831e-01 8.265547454357147217e-02 1.699173003435134888e-01 -2.152926176786422729e-01
1.731926947832107544e-01 -1.922802329063415527e-01 -6.899297237396240234e-03 -1.102999821305274963e-01
-1.570086628198623657e-01 -1.821634918451309204e-01 -1.766490191221237183e-01 1.180689632892608643e-01
-4.544410109519958496e-02 9.175461530685424805e-02 -1.876577585935592651e-01 -1.815701127052307129e-01
1.196330264210700989e-01 -7.488158345222473145e-02 -1.630073878914117813e-03 -1.837511211633682251e-01
7.936040312051773071e-02 -1.438877284526824951e-01 -1.375529617071151733e-01 1.768731474876403809e-01
-1.685741990804672241e-01 1.289027631282806396e-01 7.929139584302902222e-02 -1.541860103607177734e-01
-1.287505030632019043e-01 -1.651244014501571655e-01 1.939806044101715088e-01 -9.126257151365280151e-02
1.766130141913890839e-02 1.875381022691726685e-01 1.743791550397872925e-01 -4.790176451206207275e-02
1.263484358787536621e-02 1.863978356122970581e-01 1.671408116817474365e-01 -2.732302993535995483e-02
-6.749361753463745117e-02 -1.398761123418807983e-01 -2.316483668982982635e-02 -1.416590809822082520e-01
3.492293134331703186e-02 7.973408326506614685e-03 -1.118544116616249084e-01 9.455216675996780396e-02
-7.535725086927413940e-02 1.829699873924255371e-01 1.217789277434349060e-01 -5.752172321081161499e-02
5.501323565840721130e-02 2.060016244649887085e-01 9.574731439352035522e-02 1.835505068302154541e-01
1.085844039916992188e-01 7.382372021675109863e-02 -6.288146972656250000e-02 -2.265653163194656372e-01
-9.338010102510452271e-03 -9.202673286199569702e-02 -2.208656519651412964e-01 -6.059079244732856750e-02
1.381429471075534821e-02 -4.770338907837867737e-02 4.799789562821388245e-02 -5.760911479592323303e-02
-3.506806911900639534e-03 -3.702375292778015137e-02 2.531674206256866455e-01 1.102997884154319763e-01
1.506774872541427612e-02 1.500093638896942139e-01 1.202295571565628052e-01 -1.154429242014884949e-01
-1.092276424169540405e-01 1.350517868995666504e-01 -1.049236431717872620e-01 2.167523354291915894e-01
1.741399616003036499e-01 6.267085671424865723e-02 -1.203582808375358582e-01 -9.649699181318283081e-02
-1.396998465061187744e-01 9.172923117876052856e-02 -7.290187478065490723e-02 -6.234689056873321533e-02
1.760601699352264404e-01 -1.944112479686737061e-01 -1.504909545183181763e-01 -7.909103482961654663e-02
-5.603790655732154846e-02 -1.552751809358596802e-01 1.236612536013126373e-02 -5.422906950116157532e-02
-6.931491196155548096e-02 -1.041293218731880188e-01 -1.550494581460952759e-01 4.509081691503524780e-02
