1.218804172822274268e-04
-1.535050570964813232e-03
4.177914932370185852e-02
1.141506060957908630e-01
1.052432730793952942e-01
2.720385417342185974e-02
-2.166543714702129364e-02
-1.226846598001429811e-05
5.035051330924034119e-02
2.200107276439666748e-02
3.018836677074432373e-02
-6.229394674301147461e-02
3.249638900160789490e-02
8.170127868652343750e-02
3.269649296998977661e-02
-1.345161672361427918e-05
4.484630771912634373e-04
9.381419420242309570e-02
1.566074934089556336e-05
8.290109224617481232e-03
-3.335325419902801514e-02
5.659619346261024475e-03
6.361604481935501099e-02
1.213758811354637146e-01
-9.123429656028747559e-02
-5.237222183495759964e-03
-2.443569712340831757e-02
-1.093551963567733765e-01
6.469392683357000351e-03
6.796950846910476685e-02
2.595197036862373352e-02
2.580896206200122833e-02
