1.598685421049594879e-02
1.122774481773376465e-01
7.241387665271759033e-02
1.000360473990440369e-01
1.216194853186607361e-01
-3.936503827571868896e-02
-7.229794561862945557e-02
9.792242199182510376e-03
8.518308401107788086e-02
-6.513212807476520538e-03
-6.661759316921234131e-02
2.107447758316993713e-02
-3.199795261025428772e-02
1.152605339884757996e-01
-4.555410519242286682e-02
5.375507473945617676e-02
1.001967564225196838e-01
-4.675323888659477234e-02
-1.130129909142851830e-03
2.743461728096008301e-02
1.052811294794082642e-01
2.114384807646274567e-02
-1.592500135302543640e-02
7.533370051532983780e-03
7.196086645126342773e-02
-4.019240383058786392e-03
-7.099115103483200073e-02
1.993576996028423309e-02
-5.831276625394821167e-02
-1.282752119004726410e-02
-5.122597888112068176e-02
7.480506785213947296e-03
1.197328791022300720e-01
7.950698025524616241e-03
-5.821518599987030029e-02
3.755668178200721741e-02
-5.958772823214530945e-02
3.668558085337281227e-03
1.080338954925537109e-01
3.766445815563201904e-02
5.733643844723701477e-02
3.970599174499511719e-02
1.110978046199306846e-04
-4.450612887740135193e-02
2.907900884747505188e-02
-1.961750537157058716e-02
9.312331676483154297e-02
-5.430620163679122925e-02
1.061248220503330231e-02
9.171444177627563477e-02
-3.976422920823097229e-02
-6.651189923286437988e-02
-4.560766741633415222e-02
-4.837645217776298523e-02
6.890890747308731079e-02
1.018689051270484924e-01
-2.735167369246482849e-02
8.361726999282836914e-03
9.476699680089950562e-02
3.222092986106872559e-02
7.288146764039993286e-02
3.285657614469528198e-03
1.188606545329093933e-01
6.072802469134330750e-03
