2.788399904966354370e-02 2.753987312316894531e-01
1.696307957172393799e-01 -1.786162704229354858e-01
2.409852892160415649e-01 -4.390085861086845398e-02
1.964803636074066162e-01 1.232590451836585999e-01
1.553631573915481567e-01 -2.256399542093276978e-01
-2.209352999925613403e-01 8.619038388133049011e-03
1.299881190061569214e-01 3.945906832814216614e-02
2.027996629476547241e-01 -1.244175285100936890e-01
2.903775572776794434e-01 -3.356343209743499756e-01
-2.721509039402008057e-01 2.184951156377792358e-01
2.050015479326248169e-01 -4.964209720492362976e-02
-3.201826214790344238e-01 2.603816427290439606e-02
-2.081802338361740112e-01 -9.719216078519821167e-02
1.091155409812927246e-02 -3.090364634990692139e-01
-1.440491527318954468e-01 -1.240233853459358215e-01
2.166359126567840576e-01 7.361747324466705322e-02
2.942021489143371582e-01 -1.310555934906005859e-01
-1.344255954027175903e-01 -1.810222417116165161e-01
-2.720880806446075439e-01 -2.853597141802310944e-02
-5.308314040303230286e-02 3.029760420322418213e-01
2.991203367710113525e-01 1.005619466304779053e-01
-2.752646803855895996e-02 1.911424100399017334e-01
4.662546329200267792e-03 8.046534657478332520e-02
1.940038502216339111e-01 -2.090291678905487061e-02
3.121488392353057861e-01 4.529662057757377625e-02
2.054566144943237305e-01 6.190627440810203552e-02
-2.120076119899749756e-01 1.940118968486785889e-01
-1.044225618243217468e-01 3.036568164825439453e-01
-2.136884480714797974e-01 -3.807954862713813782e-02
-2.546743750572204590e-01 1.152135655283927917e-01
1.294562220573425293e-01 -7.986254990100860596e-02
-1.878394335508346558e-01 -1.046869531273841858e-01
4.782612901180982590e-03 -2.292610853910446167e-01
-2.244985476136207581e-02 1.235995292663574219e-01
1.875821202993392944e-01 5.001935735344886780e-02
2.414999604225158691e-01 -1.737414598464965820e-01
-1.182104349136352539e-01 -1.264745593070983887e-01
-1.150787342339754105e-02 2.278826832771301270e-01
2.787999808788299561e-01 1.557410657405853271e-01
-1.924338787794113159e-01 2.570712566375732422e-01
7.501869648694992065e-02 -3.666803538799285889e-01
-3.114813268184661865e-01 -1.555659770965576172e-01
-2.510857582092285156e-01 -1.776613444089889526e-01
-2.148745208978652954e-01 -1.854984462261199951e-01
3.324773311614990234e-01 8.108230307698249817e-03
1.699737906455993652e-01 -6.148655340075492859e-02
2.328536808490753174e-01 -1.902534440159797668e-02
4.396743606775999069e-03 -3.860484808683395386e-02
-2.502372860908508301e-01 -9.425185620784759521e-02
1.622661799192428589e-01 6.432455778121948242e-02
-6.807509064674377441e-02 -1.364242136478424072e-01
-1.101927086710929871e-01 1.713921427726745605e-01
-6.527933478355407715e-02 -1.022508591413497925e-01
1.452519893646240234e-01 -1.817338913679122925e-02
3.458527922630310059e-01 1.548777217976748943e-04
3.098502457141876221e-01 -3.139446377754211426e-01
-2.669711410999298096e-01 2.251513153314590454e-01
-1.661013066768646240e-01 1.815532743930816650e-01
8.067189157009124756e-02 -6.294620037078857422e-02
3.022580444812774658e-01 -3.491699695587158203e-01
2.697947621345520020e-01 -2.025003880262374878e-01
-3.017161488533020020e-01 -5.377041175961494446e-02
1.733508557081222534e-01 -1.544283032417297363e-01
-3.221529126167297363e-01 2.226597368717193604e-01
