-1.569347977638244629e-01 1.532481014728546143e-01
-8.099595084786415100e-03 2.917860746383666992e-01
2.362259477376937866e-01 -1.061100587248802185e-01
-5.077904090285301208e-02 1.276166141033172607e-01
-6.910212337970733643e-02 -1.329815387725830078e-01
-1.922239810228347778e-01 1.134381070733070374e-02
-4.467396438121795654e-02 1.399628520011901855e-01
2.666745185852050781e-01 1.227581128478050232e-01
2.761424481868743896e-01 3.357029706239700317e-02
3.712949156761169434e-01 1.489735096693038940e-01
8.419886231422424316e-02 3.288265168666839600e-01
-6.777165085077285767e-02 1.018699854612350464e-01
1.807193905115127563e-01 -2.404879033565521240e-01
1.885450333356857300e-01 3.003934957087039948e-02
3.272659480571746826e-01 -8.445159345865249634e-02
1.762114912271499634e-01 -2.754647135734558105e-01
-2.282702624797821045e-01 2.129265964031219482e-01
2.621791362762451172e-01 -3.052715361118316650e-01
3.806903660297393799e-01 -1.616540700197219849e-01
-1.716389656066894531e-01 2.855183780193328857e-01
-1.986590772867202759e-01 2.068691849708557129e-01
4.166949912905693054e-02 3.242890834808349609e-01
3.513414561748504639e-01 -1.994177401065826416e-01
-6.634900718927383423e-02 6.868294626474380493e-02
3.611007332801818848e-02 -2.428080588579177856e-01
-8.551831543445587158e-02 1.992139816284179688e-01
8.750471472740173340e-02 1.166067048907279968e-01
9.629310667514801025e-02 -3.791560232639312744e-02
2.932421863079071045e-01 7.755145430564880371e-02
1.587460190057754517e-01 1.347833573818206787e-01
1.081976890563964844e-01 -2.689194679260253906e-01
4.149537980556488037e-01 -2.591946721076965332e-01
2.309937030076980591e-02 1.474701017141342163e-01
8.208387345075607300e-02 1.950405538082122803e-01
5.101526528596878052e-02 -6.992117315530776978e-02
7.313636690378189087e-02 -2.577768564224243164e-01
-2.057889401912689209e-01 -4.687574505805969238e-02
6.465635448694229126e-02 8.008693112060427666e-04
8.304005861282348633e-02 1.514139324426651001e-01
3.285443782806396484e-02 -2.197118103504180908e-01
4.698161967098712921e-03 -7.604240905493497849e-03
1.627710461616516113e-01 -5.569669976830482483e-02
-2.284046411514282227e-01 2.727449312806129456e-02
-7.570975273847579956e-02 1.678422093391418457e-01
6.423062086105346680e-02 -8.791302889585494995e-02
-4.014601930975914001e-02 -2.738268971443176270e-01
7.985268533229827881e-02 -2.619168758392333984e-01
-1.096325810067355633e-03 -1.007701307535171509e-01
-1.368481107056140900e-02 1.045282557606697083e-02
9.895569831132888794e-02 -2.126825749874114990e-01
2.994803898036479950e-02 -1.050086989998817444e-01
6.703943014144897461e-02 2.842637598514556885e-01
1.153627932071685791e-01 -3.641588389873504639e-01
1.739826500415802002e-01 -1.265156418085098267e-01
1.202615574002265930e-01 1.423721015453338623e-01
2.077973335981369019e-01 3.693091124296188354e-02
-1.062939595431089401e-02 -1.977031379938125610e-01
2.981296181678771973e-01 -1.321857273578643799e-01
2.436888217926025391e-01 -2.784344851970672607e-01
-5.951983109116554260e-02 -1.060452386736869812e-01
3.359584212303161621e-01 1.049152836203575134e-01
8.071237802505493164e-02 -1.697532236576080322e-01
4.020927846431732178e-01 1.682993471622467041e-01
1.726536899805068970e-01 7.686830312013626099e-02
