-1.097454801201820374e-01
6.813159584999084473e-02
1.007229387760162354e-01
9.427442401647567749e-02
-2.897629700601100922e-02
8.439427614212036133e-02
-3.394562983885407448e-03
2.855026163160800934e-02
-2.133066533133387566e-03
-2.035593613982200623e-02
2.692132815718650818e-02
5.171596258878707886e-02
3.508351370692253113e-02
1.940655149519443512e-02
-6.939855869859457016e-03
3.900578618049621582e-02
-2.618500962853431702e-02
4.857054725289344788e-02
2.817136049270629883e-02
1.212241947650909424e-01
9.203708171844482422e-02
8.816169947385787964e-02
5.880645662546157837e-02
6.324541568756103516e-02
9.076405316591262817e-02
-1.928361319005489349e-02
9.461373090744018555e-02
-4.628769122064113617e-03
1.074655801057815552e-01
-3.518025204539299011e-02
7.420744746923446655e-02
-3.317918162792921066e-03
1.092298179864883423e-01
1.753678917884826660e-02
6.081803143024444580e-02
6.612357497215270996e-02
8.634213358163833618e-02
1.323236804455518723e-02
7.464657723903656006e-02
5.027785152196884155e-02
-2.325237169861793518e-02
-1.626697182655334473e-02
1.089618206024169922e-01
9.329743683338165283e-02
-1.015509013086557388e-02
8.585360646247863770e-02
6.989546120166778564e-02
2.134591713547706604e-02
-6.747267395257949829e-02
2.108125202357769012e-02
-5.425837356597185135e-03
6.336296349763870239e-02
5.324335023760795593e-02
3.559263423085212708e-02
7.529883831739425659e-02
5.932437255978584290e-02
5.822775140404701233e-02
9.517665952444076538e-02
-6.789800710976123810e-03
-2.389642782509326935e-02
-2.990458393469452858e-03
3.260704502463340759e-02
-3.730853088200092316e-03
8.441960439085960388e-03
