-2.645146660506725311e-02 9.242231398820877075e-02 7.686837762594223022e-02 -3.334850072860717773e-03
-8.683296293020248413e-02 -1.520717144012451172e-01 8.932666480541229248e-02 3.353511914610862732e-02
-1.006201505661010742e-01 -1.745718121528625488e-01 -1.836716532707214355e-01 6.991211324930191040e-02
-5.861258134245872498e-02 -2.467543333768844604e-01 -1.770079284906387329e-01 1.314430236816406250e-01
7.273142039775848389e-02 -2.172036038246005774e-04 -1.224646344780921936e-02 -4.660393297672271729e-02
-3.307451680302619934e-02 -2.501752376556396484e-01 -3.708264976739883423e-02 2.364059723913669586e-02
6.516406685113906860e-02 -9.420517832040786743e-02 3.949590027332305908e-02 8.982636779546737671e-02
-2.531887777149677277e-02 6.383088976144790649e-02 1.438705623149871826e-02 2.883686451241374016e-03
7.444445788860321045e-02 -9.181670844554901123e-02 4.802370816469192505e-02 -2.643207088112831116e-03
1.218753382563591003e-01 -8.665648102760314941e-02 -4.436756297945976257e-02 9.565635025501251221e-02
1.628682762384414673e-02 -1.114890798926353455e-01 4.977570474147796631e-02 3.050584904849529266e-02
-8.873876184225082397e-02 -6.405592709779739380e-02 -2.092198655009269714e-02 8.115701377391815186e-03
1.211776584386825562e-02 -9.345878660678863525e-02 -5.753726884722709656e-02 3.297603875398635864e-02
-1.351085957139730453e-02 -4.589288681745529175e-02 -6.087089329957962036e-02 -5.030521005392074585e-02
8.398549258708953857e-02 7.234007120132446289e-02 4.181267321109771729e-02 9.840771090239286423e-04
-4.898232407867908478e-03 -3.961303085088729858e-02 7.026422023773193359e-02 3.634250257164239883e-03
7.697630673646926880e-02 -1.585634052753448486e-02 -3.213164955377578735e-02 -3.587273135781288147e-02
-6.838642060756683350e-02 -6.144104897975921631e-02 -1.164064779877662659e-01 4.383452236652374268e-02
-4.183524753898382187e-03 2.014504000544548035e-02 3.331376938149333000e-03 5.373142194002866745e-04
-9.301982074975967407e-02 -9.050348401069641113e-02 2.812514081597328186e-03 3.828091174364089966e-02
-1.562030464410781860e-01 -1.993521302938461304e-01 -1.660907715559005737e-01 1.203893423080444336e-01
-8.019429445266723633e-02 -1.044553220272064209e-01 -1.388979256153106689e-01 4.220107197761535645e-02
-4.743273556232452393e-02 -1.187670379877090454e-01 -9.851581603288650513e-02 -8.396447449922561646e-02
-8.196449279785156250e-02 -3.803125768899917603e-02 -4.966983571648597717e-02 1.250914186239242554e-01
-8.923348039388656616e-02 -2.265777289867401123e-01 -1.274451911449432373e-01 1.374524533748626709e-01
1.748036538629094139e-06 -7.330460846424102783e-02 1.322052753494062927e-06 -6.968607660382986069e-03
-7.876872271299362183e-02 -2.375750690698623657e-01 -1.360272616147994995e-01 -8.103178814053535461e-03
4.864488532037997137e-14 4.035167212525668484e-33 3.587476385291665792e-04 -2.593426592648029327e-02
-1.084149107336997986e-01 -1.883089095354080200e-01 -1.207655593752861023e-01 9.317149221897125244e-02
4.129237277084030211e-05 6.835207343101501465e-03 9.768186509609222412e-02 -8.748805522918701172e-02
-1.127801984548568726e-01 -4.322081431746482849e-02 1.251405337825417519e-04 2.231159247457981110e-02
7.175583022693951754e-34 -1.671076402999460697e-03 -2.363542560487985611e-03 2.428242564201354980e-02
-1.013338267803192139e-01 -1.762021929025650024e-01 8.363229036331176758e-02 3.526357561349868774e-02
-4.158524388913065195e-04 -7.952019572257995605e-03 3.830700740218162537e-02 1.844896360125858337e-05
-5.556289851665496826e-02 -1.942632943391799927e-01 -1.564150750637054443e-01 5.612338706851005554e-02
-8.453476428985595703e-02 -3.610639646649360657e-02 7.682360708713531494e-02 3.614380210638046265e-02
-1.562077999114990234e-01 -2.529691755771636963e-01 -1.906235814094543457e-01 5.653141811490058899e-02
-9.222216613125056028e-05 -6.176894158124923706e-02 2.955750003457069397e-02 5.184350535273551941e-02
-6.699616461992263794e-02 5.823777057230472565e-03 -8.817050606012344360e-02 3.250803425908088684e-02
-1.940205879509449005e-02 5.089427810162305832e-03 -7.178616244345903397e-03 1.075538527220487595e-02
8.734127879142761230e-02 -3.666572638394427486e-06 8.461187034845352173e-02 2.010813681408762932e-03
9.629812091588973999e-02 -4.914233833551406860e-02 9.967292100191116333e-02 2.835040504578500986e-07
-1.211431026458740234e-01 -6.405431777238845825e-02 -7.933770120143890381e-02 4.253269731998443604e-02
-5.702104791998863220e-02 -1.181097924709320068e-01 -8.536040782928466797e-02 1.224510222673416138e-01
-2.514367906769621186e-06 -1.817570813000202179e-02 -8.319238573312759399e-02 -1.364637631922960281e-02
-9.856864064931869507e-02 -1.840074807405471802e-01 -1.574583500623703003e-01 7.627908885478973389e-02
-1.473722010850906372e-01 -2.351141571998596191e-01 -1.811602562665939331e-01 1.083046123385429382e-01
-5.260516991256736219e-05 -1.122918203473091125e-01 7.919995486736297607e-02 1.027726382017135620e-01
7.079884409904479980e-02 3.626077249646186829e-02 -9.213653951883316040e-02 -1.782160811126232147e-02
-8.019921369850635529e-03 -1.285005128011107445e-04 3.317200019955635071e-02 9.086385369300842285e-03
-2.739759566931760466e-16 -2.200459875166416168e-02 -4.659962281584739685e-02 5.336094275116920471e-02
8.033829182386398315e-02 -2.452236264944076538e-01 -1.808655709028244019e-01 6.615629047155380249e-02
-4.950232803821563721e-02 -1.732804626226425171e-02 8.252019435167312622e-02 2.837156644091010094e-03
-4.931353777647018433e-02 -1.664367155171930790e-03 -3.570168279111385345e-03 2.729310072027146816e-04
-7.166770845651626587e-02 -1.675419062376022339e-01 -1.170551180839538574e-01 2.011803723871707916e-02
9.110958874225616455e-02 -1.421799957752227783e-01 -1.296483427286148071e-01 3.164667263627052307e-02
-3.385365754365921021e-02 2.439799485728144646e-03 3.718354972079396248e-03 3.637195378541946411e-02
-6.249677389860153198e-02 -1.173399239778518677e-01 -7.900308817625045776e-02 4.473110660910606384e-02
-1.409960841760201082e-33 -1.939219509949907660e-04 8.057278580963611603e-03 2.281978228308009695e-16
2.779555507004261017e-02 3.581050038337707520e-02 -1.544420327991247177e-02 -2.610686793923377991e-02
-3.845172934234142303e-03 8.874627947807312012e-02 -5.131412670016288757e-02 6.612128345295786858e-06
-4.068942368030548096e-02 6.498440355062484741e-02 9.963449556380510330e-04 -1.154449116438627243e-02
6.111842766404151917e-02 -3.429949283599853516e-04 9.445306658744812012e-02 5.611760564566822471e-15
1.023731566965579987e-02 9.480095654726028442e-02 9.090736508369445801e-02 2.180858887732028961e-02
