-1.143323704600334167e-01
-4.859713837504386902e-02
-9.526425600051879883e-02
1.628896594047546387e-02
4.577054828405380249e-02
1.371486037969589233e-01
-2.050176030024886131e-03
5.773772671818733215e-02
-4.110588878393173218e-02
-3.905566036701202393e-02
-7.570511847734451294e-02
5.494228750467300415e-02
-1.375686228275299072e-01
-3.254355862736701965e-02
4.691677540540695190e-02
-8.815380930900573730e-02
7.716856896877288818e-03
-1.077567338943481445e-01
-6.938828527927398682e-02
-6.063293293118476868e-02
1.109533011913299561e-01
5.828475579619407654e-03
-4.217447247356176376e-03
2.993051521480083466e-02
2.954772487282752991e-02
2.551329694688320160e-02
3.689844533801078796e-02
-1.363776507787406445e-03
-9.368436783552169800e-02
-2.948706503957509995e-03
5.259601771831512451e-02
-7.583538442850112915e-02
1.649263501167297363e-01
-5.173322185873985291e-02
4.802971705794334412e-02
-4.812084883451461792e-02
-8.407565206289291382e-02
-1.454598270356655121e-02
-7.973214238882064819e-02
-1.371148824691772461e-01
9.541021287441253662e-02
2.158310636878013611e-02
-2.874038927257061005e-02
2.648013178259134293e-04
-8.956901729106903076e-02
1.351360231637954712e-01
6.679648160934448242e-02
3.926738351583480835e-02
-1.241202577948570251e-01
1.279660016298294067e-01
-1.042098645120859146e-02
-7.824803143739700317e-02
6.127571314573287964e-02
-8.137768507003784180e-02
1.337158530950546265e-01
7.082340121269226074e-02
-1.145158559083938599e-01
7.209125161170959473e-02
6.172058731317520142e-02
2.374145016074180603e-02
1.349803209304809570e-01
2.124622464179992676e-02
1.045418605208396912e-01
-3.726593405008316040e-02
