1.311073899269104004e-01 7.746908813714981079e-02
-2.256616652011871338e-01 2.528008818626403809e-01
1.763432472944259644e-01 -3.185447677969932556e-02
1.894686371088027954e-01 -9.991049766540527344e-03
2.263517230749130249e-01 -1.762033700942993164e-01
-3.242715299129486084e-01 -1.739416867494583130e-01
2.197580635547637939e-01 -2.053309828042984009e-01
2.607452869415283203e-01 -3.071054220199584961e-01
-2.179778516292572021e-01 -1.402368098497390747e-01
1.735772788524627686e-01 1.014320328831672668e-01
1.967842280864715576e-01 -1.006294637918472290e-01
2.308861762285232544e-01 -2.759154438972473145e-01
1.661341190338134766e-01 1.780106276273727417e-01
2.120401263236999512e-01 -1.914432346820831299e-01
-1.313055604696273804e-01 7.906249910593032837e-02
-3.480000793933868408e-02 2.554172575473785400e-01
1.325617432594299316e-01 8.361821621656417847e-02
7.313491776585578918e-03 8.140288293361663818e-02
2.158897072076797485e-01 2.731413841247558594e-01
-9.541779011487960815e-02 1.802642196416854858e-01
-2.175822407007217407e-01 -1.287915408611297607e-01
-4.693185165524482727e-02 -2.489888966083526611e-01
-4.156104475259780884e-02 -1.452542245388031006e-01
3.495894670486450195e-01 -4.852127656340599060e-02
-3.302080091089010239e-03 -1.407128870487213135e-01
2.356279492378234863e-01 -5.264780297875404358e-02
6.475039571523666382e-02 -1.676295697689056396e-01
1.950338780879974365e-01 1.474020816385746002e-02
3.833439201116561890e-02 6.129402667284011841e-02
-2.615224123001098633e-01 1.024360582232475281e-01
2.914920747280120850e-01 -1.464447528123855591e-01
1.092268973588943481e-01 8.975847810506820679e-02
-2.261687666177749634e-01 -8.836462348699569702e-02
2.087109908461570740e-02 1.700206100940704346e-01
2.892775535583496094e-01 -1.447963062673807144e-02
1.729322075843811035e-01 -3.357044979929924011e-02
1.642455756664276123e-01 2.647469043731689453e-01
1.826451122760772705e-01 -1.171395629644393921e-01
-1.647971719503402710e-01 8.317281305789947510e-02
2.078072130680084229e-01 -8.579123020172119141e-02
-3.201189339160919189e-01 8.346488326787948608e-02
-1.037112995982170105e-01 -1.606329381465911865e-01
8.280549809569492936e-05 2.343489229679107666e-01
1.191395074129104614e-01 4.009803757071495056e-02
2.040934711694717407e-01 -2.429914921522140503e-01
-8.832447975873947144e-02 -7.946769893169403076e-02
3.516749441623687744e-01 1.719145849347114563e-02
-2.438729256391525269e-01 -1.301687806844711304e-01
2.173049598932266235e-01 -3.953076526522636414e-02
-1.826557219028472900e-01 2.175475843250751495e-02
2.482847124338150024e-01 1.058954820036888123e-01
-7.657079398632049561e-02 2.327836304903030396e-01
1.039891391992568970e-01 -2.510552406311035156e-01
2.188350260257720947e-01 4.212367162108421326e-02
-2.889772951602935791e-01 3.487497102469205856e-03
3.246919214725494385e-01 -2.294396162033081055e-01
2.662679255008697510e-01 1.424307972192764282e-01
3.671685755252838135e-01 9.843674302101135254e-02
2.528582811355590820e-01 5.479668732732534409e-03
-2.305617034435272217e-01 -9.970085322856903076e-02
-3.371368348598480225e-01 -4.281952232122421265e-02
-1.687623001635074615e-02 -2.500513195991516113e-01
-2.857524156570434570e-01 -7.413852959871292114e-02
2.785698138177394867e-02 -1.164141893386840820e-01
