6.708681583404541016e-03
6.364491581916809082e-02
-1.878559356555342674e-03
-3.204793855547904968e-02
-1.467372663319110870e-02
-3.664207831025123596e-02
0.000000000000000000e+00
7.355835288763046265e-02
-4.960783571004867554e-02
-1.029885956086218357e-03
8.777815103530883789e-02
0.000000000000000000e+00
4.750371351838111877e-02
-2.649563923478126526e-02
-1.523163914680480957e-02
-5.065460689365863800e-03
-1.094248145818710327e-03
4.540472850203514099e-02
5.780902691185474396e-03
5.620830133557319641e-02
-4.974768031388521194e-03
4.196938872337341309e-02
8.834042400121688843e-02
8.943779021501541138e-02
1.072812639176845551e-02
0.000000000000000000e+00
6.540601700544357300e-02
-8.085642009973526001e-02
7.939460873603820801e-02
-1.082325167953968048e-02
-4.368747025728225708e-02
1.381151564419269562e-02
-6.741659343242645264e-02
0.000000000000000000e+00
-3.941388428211212158e-02
1.003040233626961708e-03
9.724248200654983521e-02
6.357569247484207153e-02
7.175107300281524658e-02
0.000000000000000000e+00
-4.731279239058494568e-02
6.797891110181808472e-02
3.885132819414138794e-02
8.798918873071670532e-02
0.000000000000000000e+00
-6.218772009015083313e-02
2.298743464052677155e-02
2.445224090479314327e-04
1.811316795647144318e-02
-2.927768602967262268e-02
0.000000000000000000e+00
6.755457073450088501e-02
-1.740963011980056763e-02
4.845021665096282959e-02
4.787497967481613159e-02
8.015497028827667236e-02
1.463838759809732437e-02
9.014540165662765503e-02
6.483976542949676514e-02
-3.794933483004570007e-02
-1.609201356768608093e-02
-4.379627108573913574e-02
8.224680274724960327e-02
4.382506012916564941e-02
