3.030884079635143280e-02
-4.116982221603393555e-02
-2.461442537605762482e-02
3.862747550010681152e-02
-9.375550597906112671e-02
-8.226223289966583252e-02
-7.915917783975601196e-02
9.177968651056289673e-02
-5.225498229265213013e-02
-2.798019349575042725e-02
1.133442856371402740e-02
-9.196368604898452759e-02
1.888229325413703918e-02
-8.584075607359409332e-03
-5.184617266058921814e-02
7.791335135698318481e-02
4.006769042462110519e-03
-1.160139404237270355e-02
-4.928564187139272690e-03
-2.129430696368217468e-02
-3.924346715211868286e-02
-4.746990650892257690e-02
-8.303817361593246460e-02
3.906830027699470520e-02
-1.055038198828697205e-01
4.717690125107765198e-02
1.168576721101999283e-02
9.346920251846313477e-02
2.215656265616416931e-02
1.931567490100860596e-02
-1.051847785711288452e-01
-5.462510883808135986e-02
