1.957078427076339722e-01 -2.628727257251739502e-01
2.175834178924560547e-01 -3.126490414142608643e-01
1.227792128920555115e-01 -3.110861778259277344e-01
1.789278816431760788e-03 -3.995913639664649963e-02
7.398361712694168091e-02 -3.841322362422943115e-01
3.082671575248241425e-02 -1.177864894270896912e-01
2.212121523916721344e-02 -2.520596683025360107e-01
-6.699333339929580688e-02 -2.060299515724182129e-01
1.909449510276317596e-02 -1.283510178327560425e-01
3.612215444445610046e-02 1.557550132274627686e-01
4.863395355641841888e-03 -2.896256446838378906e-01
1.694577634334564209e-01 8.822755515575408936e-02
-1.776183396577835083e-01 2.064842730760574341e-01
-3.615792840719223022e-02 -2.524833381175994873e-01
2.189960330724716187e-01 -2.202039062976837158e-01
2.480334639549255371e-01 2.962239831686019897e-02
7.837209850549697876e-02 -3.549439609050750732e-01
2.279498130083084106e-01 -2.654178440570831299e-01
1.731246262788772583e-01 2.290358394384384155e-01
2.138980850577354431e-02 1.372183859348297119e-01
-3.354805335402488708e-02 -7.787475734949111938e-02
-5.223463103175163269e-02 1.412241160869598389e-01
-4.816378280520439148e-02 1.403642445802688599e-01
1.709260344505310059e-01 2.105467617511749268e-01
1.323470752686262131e-02 -3.407305777072906494e-01
-1.430599242448806763e-01 -9.010667353868484497e-02
-6.709494441747665405e-02 1.992288082838058472e-01
1.805369406938552856e-01 9.677983820438385010e-02
1.736567020416259766e-01 5.247928947210311890e-02
1.423693448305130005e-01 -3.028897941112518311e-01
2.249854356050491333e-01 -3.380854800343513489e-02
-1.648136675357818604e-01 2.179314643144607544e-01
2.333337515592575073e-01 1.124546118080615997e-02
-1.208470761775970459e-01 2.187485098838806152e-01
1.162927001714706421e-01 -1.992475837469100952e-01
-8.743061870336532593e-02 1.560439616441726685e-01
-2.525177597999572754e-01 6.609561294317245483e-02
1.650668531656265259e-01 -4.258055239915847778e-02
5.102495476603507996e-02 -1.789814084768295288e-01
2.249519713222980499e-02 -2.640640735626220703e-02
-5.100865289568901062e-02 5.712541565299034119e-02
8.631526678800582886e-02 -4.420831054449081421e-02
-8.674860000610351562e-02 -6.112760677933692932e-02
1.089240536093711853e-01 -1.848364919424057007e-01
-1.345425695180892944e-01 1.817316114902496338e-01
-2.125809937715530396e-01 -3.125325739383697510e-01
1.297230571508407593e-01 -1.015994697809219360e-01
8.154551684856414795e-02 2.090766578912734985e-01
-7.275794446468353271e-02 2.229169458150863647e-01
-2.762996219098567963e-02 1.454042047262191772e-01
-7.438613567501306534e-03 -3.122371137142181396e-01
1.141164004802703857e-01 -3.071196377277374268e-01
1.687892526388168335e-01 2.184792309999465942e-01
2.127306610345840454e-01 9.139942377805709839e-02
2.228551805019378662e-01 2.485527098178863525e-01
-2.718836814165115356e-02 -1.375151574611663818e-01
2.217416316270828247e-01 -3.889426589012145996e-02
-1.704103499650955200e-01 1.014244835823774338e-02
9.672246128320693970e-02 3.049786984920501709e-01
1.255910992622375488e-01 -3.703816831111907959e-01
-1.979760974645614624e-01 2.775318026542663574e-01
-2.170394808053970337e-01 -2.554801702499389648e-01
-2.284510582685470581e-01 -1.686761975288391113e-01
-9.428025782108306885e-02 4.899373278021812439e-02
