8.194370567798614502e-02
4.489610344171524048e-02
3.502516448497772217e-02
6.380508095026016235e-02
-1.748326234519481659e-02
-5.501807481050491333e-02
8.567826449871063232e-02
7.215833663940429688e-02
1.996472105383872986e-02
7.924318313598632812e-02
-1.269947290420532227e-01
8.283195644617080688e-02
1.136396005749702454e-01
-1.304852217435836792e-02
6.718736886978149414e-02
8.721854537725448608e-02
6.586290895938873291e-02
2.864531055092811584e-02
8.125269412994384766e-02
1.095094755291938782e-01
-2.475327439606189728e-02
4.615706205368041992e-02
-7.318882644176483154e-02
8.515881747007369995e-02
7.183700799942016602e-02
-1.092755049467086792e-01
1.154931932687759399e-01
8.235642313957214355e-02
3.119689039885997772e-02
8.229734748601913452e-02
-3.209662809967994690e-02
-1.042860466986894608e-02
4.604170471429824829e-02
5.025982856750488281e-02
4.937898367643356323e-02
-7.532547414302825928e-02
6.024962663650512695e-02
9.767366200685501099e-02
1.175376027822494507e-01
-2.768916264176368713e-02
-1.547460537403821945e-02
8.593193441629409790e-02
1.009696498513221741e-01
1.136894598603248596e-01
9.027978032827377319e-02
8.511150628328323364e-02
5.487297102808952332e-02
-6.111321225762367249e-02
8.524407446384429932e-02
3.903744369745254517e-02
-3.617725893855094910e-02
-1.082763373851776123e-01
8.732062578201293945e-02
-5.560964718461036682e-02
8.458021283149719238e-02
8.937673270702362061e-02
-1.505083311349153519e-02
8.820443600416183472e-02
6.100286170840263367e-02
7.204599678516387939e-02
8.392389118671417236e-02
3.203587234020233154e-02
4.893244057893753052e-02
8.627478033304214478e-02
