-1.253330558538436890e-01 -9.550148248672485352e-02
6.002516951411962509e-03 -7.077685743570327759e-02
-2.338186204433441162e-01 8.807607740163803101e-02
-1.657465696334838867e-01 -2.078741937875747681e-01
-1.441124361008405685e-03 -6.030825898051261902e-04
-3.166019683703780174e-03 -3.256160998716950417e-03
3.706218302249908447e-02 -1.532697528600692749e-01
-8.018213510513305664e-02 -2.453607469797134399e-01
6.776983290910720825e-02 -1.267338842153549194e-01
6.562107056379318237e-02 -1.015866827219724655e-02
1.802167482674121857e-02 2.243662718683481216e-03
8.039242774248123169e-02 3.376005683094263077e-03
9.655725955963134766e-02 -2.697088122367858887e-01
-3.197885584086179733e-03 -1.157436519861221313e-03
-1.383212208747863770e-01 -1.512865424156188965e-01
-1.952398270368576050e-01 -1.464114934206008911e-01
-1.612006276845932007e-01 -2.219557464122772217e-01
4.645422473549842834e-02 -1.085079684853553772e-01
-1.197768300771713257e-01 -2.461666911840438843e-01
5.698527768254280090e-02 2.701917663216590881e-02
-1.422937866300344467e-02 2.723566815257072449e-02
-1.224731206893920898e-01 -8.319193869829177856e-02
8.009425550699234009e-02 8.856851607561111450e-03
9.154048562049865723e-02 -1.106746122241020203e-02
2.268424071371555328e-02 8.764075115323066711e-03
-7.511212024837732315e-03 7.138688862323760986e-02
-2.616180479526519775e-01 -2.748071849346160889e-01
2.772919088602066040e-02 -1.445949822664260864e-01
1.250985823571681976e-02 2.000962197780609131e-02
6.763123720884323120e-02 2.780476585030555725e-02
-6.816779263317584991e-03 -7.525483169956714846e-07
-7.635680586099624634e-02 -6.924728304147720337e-02
8.358194679021835327e-02 -8.545163273811340332e-02
-1.117340326309204102e-01 -9.775847196578979492e-02
2.122989855706691742e-02 1.640881225466728210e-02
5.444346368312835693e-02 -4.443700890988111496e-04
-1.226511746644973755e-01 -1.504749953746795654e-01
-1.931114345788955688e-01 -2.820138335227966309e-01
-1.472617983818054199e-01 -3.084077537059783936e-01
-8.424543921137228608e-05 -5.010439610572395761e-33
-2.527619525790214539e-02 3.203335404396057129e-02
-2.053696066141128540e-01 -2.365467250347137451e-01
-3.226744383573532104e-02 -2.960374057292938232e-01
4.848917201161384583e-02 -2.574078738689422607e-01
-1.841725558042526245e-01 -1.317786872386932373e-01
9.681565314531326294e-02 2.359232865273952484e-02
5.520430579781532288e-02 -6.213557347655296326e-02
-3.784754779189825058e-03 4.376689344644546509e-02
8.111955970525741577e-02 6.315721198916435242e-03
-1.192548871040344238e-01 -2.377782203257083893e-02
-6.519037485122680664e-02 -4.277135245501995087e-03
7.564653456211090088e-02 -5.314009729772806168e-03
6.653652340173721313e-02 1.723063737154006958e-02
-3.776274388656020164e-04 -4.648260399699211121e-02
-2.136298418045043945e-01 -6.901243329048156738e-02
-3.966373577713966370e-02 -1.489633321762084961e-01
-1.990079646930098534e-03 -1.149578252807259560e-03
-2.236724048852920532e-01 -1.964525282382965088e-01
4.383223876357078552e-02 8.135732263326644897e-02
9.654740244150161743e-02 3.924085199832916260e-02
6.011978164315223694e-02 1.980703137814998627e-02
-4.501429572701454163e-02 -1.294332742691040039e-01
1.625280827283859253e-02 7.381813228130340576e-02
-1.562191843986511230e-01 -2.423030585050582886e-01
