9.799397550523281097e-03
5.360580980777740479e-02
1.529135461896657944e-02
4.064557701349258423e-02
6.609892100095748901e-02
-1.350330468267202377e-02
6.639966741204261780e-03
-5.218573659658432007e-02
2.545299008488655090e-02
7.936468347907066345e-03
4.412883892655372620e-02
3.671553730964660645e-02
2.355424873530864716e-02
8.776079863309860229e-02
5.622233822941780090e-02
-6.359522696584463120e-03
4.725387319922447205e-02
-1.922025531530380249e-02
1.309708459302783012e-03
-2.896972931921482086e-02
5.178147926926612854e-02
1.646501757204532623e-02
1.770402677357196808e-02
3.119293833151459694e-03
4.291377961635589600e-02
6.458538770675659180e-02
2.257044799625873566e-02
-2.698829025030136108e-02
3.060957044363021851e-02
8.227866888046264648e-02
2.410922199487686157e-02
4.063029587268829346e-02
3.534332662820816040e-02
1.368007902055978775e-02
-1.574498042464256287e-02
-1.974066346883773804e-02
7.391513139009475708e-02
5.422580987215042114e-03
-1.068455446511507034e-02
6.607101857662200928e-02
-2.900679782032966614e-02
-1.875566318631172180e-02
-1.019743620418012142e-03
1.067867223173379898e-02
-4.467304050922393799e-02
-1.774396933615207672e-02
3.092382661998271942e-02
1.977875083684921265e-02
1.410531066358089447e-02
-2.278086170554161072e-02
4.356340318918228149e-02
5.323852226138114929e-02
2.438610233366489410e-02
-4.254524782299995422e-02
8.985253050923347473e-03
1.210092380642890930e-02
2.937889285385608673e-02
8.432834595441818237e-02
3.033413551747798920e-02
4.707518219947814941e-02
-2.035401016473770142e-02
-1.262403000146150589e-02
5.107129737734794617e-02
-2.348301932215690613e-02
