-4.892753064632415771e-02
-5.121447518467903137e-02
3.154908865690231323e-02
2.876907773315906525e-02
6.179086118936538696e-02
-6.228093430399894714e-02
5.355349555611610413e-02
-5.841087549924850464e-02
2.223483100533485413e-02
-1.873929798603057861e-02
2.964958362281322479e-02
6.401813775300979614e-02
2.362869493663311005e-02
7.489279657602310181e-02
2.335333079099655151e-02
4.356568306684494019e-02
-4.955871403217315674e-02
2.104496210813522339e-02
8.960179239511489868e-02
9.058941155672073364e-03
5.242604389786720276e-02
2.161151170730590820e-02
-1.220344286412000656e-02
-7.352796848863363266e-03
-1.774503476917743683e-02
1.438312884420156479e-02
4.584086313843727112e-02
-4.148897156119346619e-02
-7.838084548711776733e-02
-7.899818569421768188e-02
3.641186654567718506e-02
-1.444150134921073914e-02
-3.805245086550712585e-02
7.699456065893173218e-02
-2.129118889570236206e-02
3.972670063376426697e-03
-3.324569761753082275e-02
-3.615031018853187561e-02
-4.584093112498521805e-03
-7.799580693244934082e-03
1.038672029972076416e-01
8.686629682779312134e-02
-2.080934122204780579e-02
7.677382975816726685e-02
2.496886439621448517e-02
8.591362833976745605e-02
7.924859225749969482e-02
7.216656953096389771e-02
7.409625500440597534e-02
-4.347359761595726013e-02
4.928888007998466492e-02
1.106006558984518051e-02
5.530930502573028207e-05
4.588196426630020142e-02
3.573241457343101501e-02
3.424195572733879089e-02
3.930380940437316895e-02
3.479208052158355713e-02
3.830072283744812012e-02
5.068122595548629761e-02
4.873995482921600342e-02
-3.441008180379867554e-02
2.612154744565486908e-02
9.172722697257995605e-02
