9.876942634582519531e-02 2.104057669639587402e-01 -1.580851525068283081e-01 -1.595142930746078491e-01 2.149806916713714600e-01 -1.540498137474060059e-01 4.550522565841674805e-02 2.042182385921478271e-01
2.124539017677307129e-01 1.785489618778228760e-01 2.084736675024032593e-01 -4.816200584173202515e-02 2.681971192359924316e-01 2.559978961944580078e-01 3.136049583554267883e-02 -7.834923267364501953e-02
2.976384758949279785e-01 1.424103323370218277e-02 -7.506381720304489136e-02 1.966986358165740967e-01 1.166065707802772522e-01 3.320640027523040771e-01 1.425532549619674683e-01 -1.063444167375564575e-01
2.608132958412170410e-01 4.732991382479667664e-02 5.053660273551940918e-02 2.780526578426361084e-01 7.415845990180969238e-02 2.501128911972045898e-01 -1.372741609811782837e-01 2.359926253557205200e-01
-2.170709073543548584e-01 1.558028310537338257e-01 -1.889252811670303345e-01 -5.990622937679290771e-02 -2.574201226234436035e-01 3.654902279376983643e-01 3.516865544952452183e-04 1.200609430670738220e-01
1.329884380102157593e-01 6.194048374891281128e-02 -1.270478870719671249e-02 -2.373760044574737549e-01 1.367148905992507935e-01 -2.499721944332122803e-01 -8.331061154603958130e-02 -1.824436150491237640e-02
9.734436124563217163e-02 -2.505147159099578857e-01 -2.813553810119628906e-01 1.670859009027481079e-01 -2.393883466720581055e-02 3.700792416930198669e-02 -2.954264357686042786e-02 1.546437293291091919e-01
2.382306158542633057e-01 -6.815552711486816406e-02 -7.484278827905654907e-02 2.381074707955121994e-03 2.988259494304656982e-01 -2.166160196065902710e-01 -1.922601014375686646e-01 -2.159551829099655151e-01
-1.699089854955673218e-01 1.693538129329681396e-01 -1.796234548091888428e-01 -3.708019480109214783e-02 -1.650425791740417480e-01 -1.482418030500411987e-01 2.311015725135803223e-01 2.547262907028198242e-01
2.608628869056701660e-01 5.226982384920120239e-02 -2.750837802886962891e-01 1.252373903989791870e-01 -1.593079119920730591e-01 1.339658070355653763e-02 6.266207247972488403e-02 5.745972320437431335e-02
-8.069953322410583496e-02 -2.676022052764892578e-01 -8.335173130035400391e-02 -4.277063161134719849e-02 -4.441931471228599548e-02 -2.558459341526031494e-01 -7.693767547607421875e-02 1.785381138324737549e-02
2.133785635232925415e-01 -2.477418035268783569e-01 -2.962482869625091553e-01 1.223623901605606079e-01 -3.085512900725007057e-03 2.597555518150329590e-01 -5.985596776008605957e-02 2.500342726707458496e-01
1.084022969007492065e-01 6.141442432999610901e-02 -2.616801559925079346e-01 -1.174444928765296936e-01 -1.642352938652038574e-01 3.065228462219238281e-01 -8.409520983695983887e-02 2.880226075649261475e-01
1.827756166458129883e-01 -3.535815179347991943e-01 1.041273921728134155e-01 2.374267131090164185e-01 -1.865657567977905273e-01 -2.392856478691101074e-01 5.480409413576126099e-02 1.037741154432296753e-01
1.630472093820571899e-01 8.831437677145004272e-03 -2.621871531009674072e-01 2.574260830879211426e-01 -1.960418187081813812e-02 -3.360614776611328125e-01 -6.355623155832290649e-02 -1.527438461780548096e-01
1.237082704901695251e-01 -3.047153949737548828e-01 -2.637073099613189697e-01 1.042246818542480469e-01 1.201994717121124268e-01 3.833507001399993896e-02 1.436707526445388794e-01 1.187759935855865479e-01
2.756341397762298584e-01 1.230663731694221497e-01 -2.606114149093627930e-01 5.252028256654739380e-02 -2.627689242362976074e-01 -1.023871265351772308e-02 -6.365888402797281742e-04 -5.301704257726669312e-02
6.488162092864513397e-03 -7.536195963621139526e-02 1.056820377707481384e-01 2.091406732797622681e-01 2.680391967296600342e-01 -2.577811181545257568e-01 1.548336595296859741e-01 1.179068721830844879e-02
-4.144826903939247131e-02 7.321017235517501831e-02 -1.616348326206207275e-01 1.688689291477203369e-01 8.835343271493911743e-02 -4.478717595338821411e-02 1.699559092521667480e-01 2.703941166400909424e-01
-1.522862166166305542e-01 -1.497901678085327148e-01 -1.904712319374084473e-01 -1.394752711057662964e-01 -1.291902810335159302e-01 -3.329711854457855225e-01 -7.271774858236312866e-02 -3.173527419567108154e-01
-3.724134340882301331e-02 -7.685375958681106567e-02 -2.675934135913848877e-01 2.438984513282775879e-01 -8.163081854581832886e-02 -8.393204957246780396e-02 -2.459218204021453857e-01 2.917146682739257812e-01
2.067929804325103760e-01 2.526652999222278595e-02 -2.649917304515838623e-01 2.126170843839645386e-01 -5.289964843541383743e-03 2.429214864969253540e-02 -1.357243806123733521e-01 2.560716271400451660e-01
2.825557440519332886e-02 -2.823794260621070862e-02 8.660919032990932465e-03 -2.345922589302062988e-01 9.238267666660249233e-04 2.181602865457534790e-01 9.658741950988769531e-02 -6.905937939882278442e-02
1.555059701204299927e-01 -2.846515774726867676e-01 2.023257613182067871e-01 6.503721326589584351e-02 2.076604515314102173e-01 -1.015212237834930420e-01 2.647042460739612579e-02 2.516099512577056885e-01
2.165556848049163818e-01 4.255815409123897552e-03 1.166794523596763611e-01 -2.741697132587432861e-01 -2.185941487550735474e-01 3.391793370246887207e-01 1.620098352432250977e-01 -1.101378649473190308e-01
-5.078313872218132019e-02 3.931416664272546768e-03 -1.467136442661285400e-01 -1.587657779455184937e-01 -2.329840809106826782e-01 -8.620562031865119934e-03 -2.657021284103393555e-01 1.401658356189727783e-01
-2.633427977561950684e-01 1.128387376666069031e-01 -2.677148580551147461e-01 6.582508329302072525e-03 2.421290576457977295e-01 -1.728231161832809448e-01 -2.134661674499511719e-01 3.021171391010284424e-01
2.526490092277526855e-01 1.201346963644027710e-01 2.150950580835342407e-01 7.201844453811645508e-02 -1.389617919921875000e-01 -8.476878702640533447e-02 -1.579908430576324463e-01 2.483090907335281372e-01
5.617766454815864563e-02 6.619597226381301880e-02 -2.678539156913757324e-01 -3.032666742801666260e-01 6.595239788293838501e-02 -1.599082201719284058e-01 -7.504980266094207764e-02 -2.061062864959239960e-02
-1.986776292324066162e-02 -2.657665610313415527e-01 -1.683592945337295532e-01 -2.916929125785827637e-01 -8.659090846776962280e-03 -1.507026255130767822e-01 -5.317926779389381409e-02 -2.980831563472747803e-01
-1.096674874424934387e-01 -2.275463789701461792e-01 2.091124206781387329e-01 1.003311723470687866e-01 9.185029193758964539e-03 1.401510536670684814e-01 -3.251885250210762024e-02 -2.593078017234802246e-01
2.425003200769424438e-01 4.875566065311431885e-02 -2.540569286793470383e-03 1.522338986396789551e-01 1.122784838080406189e-01 1.479312926530838013e-01 2.093967944383621216e-01 -3.138693571090698242e-01
-8.709602802991867065e-02 -7.722160965204238892e-02 -2.090761214494705200e-01 -2.300617396831512451e-01 -1.694877147674560547e-01 -1.718274652957916260e-01 -1.814141273498535156e-01 -1.136217862367630005e-01
-1.505199223756790161e-01 -4.348791390657424927e-02 -3.353846073150634766e-02 2.671086788177490234e-01 2.246330231428146362e-01 3.446980416774749756e-01 4.708172287791967392e-03 -2.569224834442138672e-01
8.462974429130554199e-02 2.228019982576370239e-01 -7.597135007381439209e-02 4.922845587134361267e-02 -3.221532562747597694e-03 -5.682834982872009277e-02 -1.455991268157958984e-01 -1.728950887918472290e-01
-2.083486411720514297e-03 -3.419775068759918213e-01 1.361994445323944092e-01 -2.708536759018898010e-02 -2.658287286758422852e-01 -1.071207299828529358e-01 2.192241996526718140e-01 -2.159325182437896729e-01
2.545918226242065430e-01 -1.361898779869079590e-01 1.057055294513702393e-01 -2.241772413253784180e-01 1.970323324203491211e-01 2.904945313930511475e-01 -1.512308269739151001e-01 -1.566438227891921997e-01
1.979622058570384979e-02 -2.310772091150283813e-01 -5.895136389881372452e-03 -1.483564376831054688e-01 -1.297296881675720215e-01 -8.575505018234252930e-02 -1.468530595302581787e-01 -2.100444734096527100e-01
2.171740382909774780e-01 8.751260489225387573e-02 -2.599020898342132568e-01 3.520149365067481995e-02 -2.516255676746368408e-01 5.055120214819908142e-02 -1.487414538860321045e-01 5.670296773314476013e-02
8.984526991844177246e-02 2.349269390106201172e-01 -1.882890909910202026e-01 2.317984849214553833e-01 -4.071848466992378235e-02 -1.240350455045700073e-01 -1.369997560977935791e-01 -3.234354406595230103e-02
-2.506016790866851807e-01 5.102498084306716919e-02 -8.206174522638320923e-02 8.925535529851913452e-02 -1.370780915021896362e-01 8.756149560213088989e-02 4.283387959003448486e-02 3.931007087230682373e-01
1.169936209917068481e-01 -2.368011027574539185e-01 -3.005824685096740723e-01 2.817469239234924316e-01 -9.935558773577213287e-05 -1.084257736802101135e-01 1.756744533777236938e-01 -5.911159142851829529e-02
-1.802446991205215454e-01 2.199241369962692261e-01 -1.346809715032577515e-01 -1.645464301109313965e-01 1.453057527542114258e-01 -2.234147042036056519e-01 3.070014528930187225e-02 2.640535533428192139e-01
-4.208282567560672760e-03 -2.874613404273986816e-01 -1.065097823739051819e-01 -2.315926738083362579e-02 -2.308804690837860107e-01 1.942244619131088257e-01 -3.451224765740334988e-04 1.002725958824157715e-02
1.245502531528472900e-01 7.102271169424057007e-02 -3.090080916881561279e-01 -1.971940547227859497e-01 -1.402877122163772583e-01 2.462870478630065918e-01 -1.239882782101631165e-02 2.584948837757110596e-01
-1.727863550186157227e-01 -3.360531330108642578e-01 1.155940592288970947e-01 2.440162599086761475e-01 2.615957558155059814e-01 -1.722308397293090820e-01 -1.210268810391426086e-01 8.500122278928756714e-02
-3.378507867455482483e-02 -1.442997455596923828e-01 -2.950555086135864258e-01 1.184486523270606995e-01 1.176309734582901001e-01 2.044418752193450928e-01 2.041815072298049927e-01 -2.009737789630889893e-01
-2.443852722644805908e-01 -6.585893221199512482e-03 1.266059726476669312e-01 9.912557899951934814e-02 1.872617751359939575e-01 3.457730412483215332e-01 -1.027582734823226929e-01 -2.649247348308563232e-01
-2.344002760946750641e-02 -1.936682164669036865e-01 -2.534446120262145996e-01 1.576429754495620728e-01 2.445280253887176514e-01 3.327459990978240967e-01 5.899669602513313293e-02 9.877942502498626709e-02
2.826290130615234375e-01 -1.762696653604507446e-01 9.034354984760284424e-02 6.049463897943496704e-02 2.116120420396327972e-02 -1.767279356718063354e-01 -2.717423019930720329e-03 -9.163536131381988525e-02
6.035790313035249710e-03 1.007439219392836094e-03 3.597206668928265572e-03 2.674998044967651367e-01 2.094048075377941132e-02 -4.343454167246818542e-02 -4.100692272186279297e-02 -2.658252418041229248e-01
-1.391750723123550415e-01 8.352503925561904907e-02 1.373805403709411621e-01 -2.103000432252883911e-01 -2.442597597837448120e-01 -4.959531500935554504e-02 1.330602765083312988e-01 7.936736196279525757e-02
2.266963943839073181e-02 6.579753011465072632e-02 1.152215152978897095e-01 -3.873047232627868652e-02 1.998273730278015137e-01 -3.144205212593078613e-01 -1.325598061084747314e-01 -3.129505217075347900e-01
-1.020098775625228882e-01 2.589616738259792328e-02 -3.075915575027465820e-01 8.260766416788101196e-02 1.634348183870315552e-01 2.662746310234069824e-01 6.630015373229980469e-02 2.599788010120391846e-01
4.213924705982208252e-02 1.668218821287155151e-01 8.758607506752014160e-02 2.920797169208526611e-01 -1.903595775365829468e-01 -1.596294343471527100e-01 1.142059341073036194e-01 -1.336710713803768158e-02
7.736355811357498169e-02 -1.469159722328186035e-01 7.425463944673538208e-02 2.095526605844497681e-01 2.463794201612472534e-01 -1.441958397626876831e-01 -1.208034008741378784e-01 -2.895208597183227539e-01
-9.251798689365386963e-02 -3.055888414382934570e-01 1.440853476524353027e-01 9.443200379610061646e-02 2.807784080505371094e-01 -1.301572564989328384e-02 -8.196397125720977783e-02 4.184458032250404358e-02
2.320654690265655518e-01 -2.185269743204116821e-01 -1.525730788707733154e-01 2.474104762077331543e-01 2.221289426088333130e-01 -2.472669035196304321e-01 1.115308031439781189e-01 2.759911417961120605e-01
-1.855258643627166748e-01 -7.116799801588058472e-02 -2.608149647712707520e-01 1.916768252849578857e-01 2.306445315480232239e-02 -2.237239480018615723e-01 3.208628296852111816e-02 -2.077573686838150024e-01
1.404508501291275024e-01 -1.512004882097244263e-01 -1.233076304197311401e-01 2.135018259286880493e-01 6.703815609216690063e-02 -4.047985188663005829e-03 -4.814885929226875305e-02 -1.563726961612701416e-01
1.742316633462905884e-01 5.518195778131484985e-02 -4.072255641222000122e-02 1.455723792314529419e-01 -2.293590009212493896e-01 1.151140928268432617e-01 2.643212974071502686e-01 3.002181053161621094e-01
9.288478642702102661e-02 -1.186454575508832932e-02 7.390101999044418335e-02 2.290692031383514404e-01 -1.971571147441864014e-01 -2.296183556318283081e-01 -1.326185315847396851e-01 -4.447146784514188766e-03
2.806662619113922119e-01 -2.807556651532649994e-02 -3.215582966804504395e-01 4.220155254006385803e-02 -2.336288988590240479e-01 3.543696701526641846e-01 1.100816279649734497e-01 -1.792869120836257935e-01
-2.513425350189208984e-01 -3.098377287387847900e-01 1.917216926813125610e-01 1.710827350616455078e-01 9.389337897300720215e-02 -1.542268693447113037e-01 1.017479225993156433e-01 1.765656471252441406e-01
