-1.010133251547813416e-01 -5.260621756315231323e-02
2.072881758213043213e-01 4.239662550389766693e-03
1.223043128848075867e-01 -1.070922799408435822e-02
1.627398580312728882e-01 1.257639676332473755e-01
7.132056355476379395e-02 1.302973181009292603e-01
-2.181584686040878296e-01 -5.891307443380355835e-02
2.252132445573806763e-01 9.566759318113327026e-02
1.443482637405395508e-01 -1.902527064085006714e-01
1.104794591665267944e-01 -9.938920289278030396e-02
1.869734674692153931e-01 1.455033421516418457e-01
9.370043128728866577e-02 1.876064687967300415e-01
-1.076854839920997620e-01 -7.036553323268890381e-02
1.757022291421890259e-01 1.981732249259948730e-01
-1.631607860326766968e-01 2.595192492008209229e-01
-1.434251200407743454e-02 6.087992340326309204e-02
2.688401043415069580e-01 -1.895693838596343994e-01
-1.576663106679916382e-01 -1.855533272027969360e-01
1.745650768280029297e-01 6.592064350843429565e-02
-5.877081304788589478e-02 8.277922123670578003e-02
1.884696036577224731e-01 -1.445612013339996338e-01
-1.547033339738845825e-01 2.411520928144454956e-01
1.541547384113073349e-02 4.431489109992980957e-02
-2.088660448789596558e-01 4.407385364174842834e-02
-8.034403622150421143e-02 1.337395161390304565e-01
-1.230325847864151001e-01 -1.697262227535247803e-01
-2.052261494100093842e-02 -6.274842470884323120e-02
4.769874736666679382e-02 -2.251527160406112671e-01
2.056772112846374512e-01 -2.255208790302276611e-01
-2.273722141981124878e-01 -4.465911537408828735e-02
-2.029469236731529236e-02 1.816673874855041504e-01
6.904499977827072144e-02 2.585556916892528534e-02
-8.810520172119140625e-02 -2.452645003795623779e-01
1.062896568328142166e-02 2.247173637151718140e-01
-1.323588490486145020e-01 1.438729017972946167e-01
1.351554393768310547e-01 1.755174994468688965e-01
2.427935749292373657e-01 -1.704841703176498413e-01
1.915105432271957397e-01 -1.291524469852447510e-01
-2.504191398620605469e-01 -7.883792370557785034e-02
-3.487762436270713806e-02 -3.245857656002044678e-01
-1.490804702043533325e-01 -2.117254883050918579e-01
1.545648425817489624e-01 -2.027294635772705078e-01
-1.944291591644287109e-01 -1.076699271798133850e-01
2.522228062152862549e-01 1.940616667270660400e-01
2.890650629997253418e-01 6.346753984689712524e-02
2.564698755741119385e-01 -1.678099632263183594e-01
-1.320996135473251343e-01 -1.222954541444778442e-01
-3.180103376507759094e-02 6.737925112247467041e-02
-1.929551512002944946e-01 -2.280578315258026123e-01
-2.331463992595672607e-02 -1.156387403607368469e-01
1.524914056062698364e-01 -5.232167989015579224e-02
-1.522656232118606567e-01 -1.070930138230323792e-01
-1.905444823205471039e-02 -8.721416443586349487e-02
1.749254614114761353e-01 3.035541251301765442e-02
-1.656966209411621094e-01 -1.068511307239532471e-01
-4.597274586558341980e-02 1.786899566650390625e-01
1.611485630273818970e-01 -3.085383586585521698e-02
-1.766657382249832153e-01 -2.157181054353713989e-01
9.721751511096954346e-02 2.547747790813446045e-01
-2.022014558315277100e-01 1.793161332607269287e-01
-1.113708913326263428e-01 -3.693601489067077637e-02
8.880849182605743408e-02 1.318329274654388428e-01
-1.188727244734764099e-01 -7.495491206645965576e-02
1.801395714282989502e-01 2.559272944927215576e-01
1.182687059044837952e-01 1.775542348623275757e-01
