2.143415249884128571e-02
2.414713799953460693e-02
4.688854888081550598e-02
3.656445443630218506e-02
6.385364383459091187e-02
-1.173389051109552383e-02
-2.405031584203243256e-02
3.377518057823181152e-02
8.258792757987976074e-02
2.732795476913452148e-02
-1.157496683299541473e-02
-1.893445383757352829e-03
-5.304947122931480408e-02
2.976120822131633759e-02
3.953411802649497986e-02
-3.805311024188995361e-02
-3.435875102877616882e-02
-2.173200808465480804e-02
-2.430967614054679871e-02
-2.317636273801326752e-02
-2.128270640969276428e-02
-1.425292459316551685e-03
-6.681495811790227890e-03
1.031408645212650299e-02
5.069597437977790833e-02
-1.737542636692523956e-02
-4.910238552838563919e-03
4.547500610351562500e-02
-1.394964661449193954e-02
1.797403767704963684e-02
-1.635361090302467346e-02
3.410934284329414368e-02
5.251285806298255920e-02
1.221823506057262421e-02
2.364300936460494995e-02
-3.712113481014966965e-03
5.151217803359031677e-02
5.197162553668022156e-02
4.456300660967826843e-02
1.470045465975999832e-02
1.000230610370635986e-01
3.821867331862449646e-02
5.186503753066062927e-03
3.630688413977622986e-02
-1.040176302194595337e-02
-1.592315360903739929e-02
4.394192621111869812e-02
7.335999980568885803e-03
1.262699067592620850e-02
-2.280604839324951172e-02
4.585216566920280457e-02
2.216460183262825012e-02
7.944001257419586182e-02
-1.271519064903259277e-02
4.053942859172821045e-02
8.469071984291076660e-02
-5.220638215541839600e-02
1.899657770991325378e-02
3.378766402602195740e-02
-1.719276607036590576e-02
-3.383667906746268272e-03
5.588403716683387756e-02
4.253540188074111938e-02
4.705831035971641541e-02
1.466257125139236450e-02
1.094990447163581848e-01
-2.252109348773956299e-03
-2.016918547451496124e-02
3.078894689679145813e-02
-3.330299165099859238e-03
5.305502563714981079e-02
2.831121906638145447e-02
-2.871827920898795128e-03
1.133824046701192856e-02
-1.426164619624614716e-02
5.446624755859375000e-02
2.079064026474952698e-02
5.502595007419586182e-02
4.821748286485671997e-02
5.737411603331565857e-02
6.595705449581146240e-02
-3.848515450954437256e-02
-3.249032795429229736e-02
4.383041709661483765e-02
4.282176494598388672e-02
-9.944459050893783569e-02
7.317306473851203918e-03
2.348974533379077911e-02
-9.592462331056594849e-03
1.235428638756275177e-02
4.681513458490371704e-02
-2.831420674920082092e-02
-4.647020250558853149e-03
5.583340674638748169e-02
-2.190553396940231323e-02
4.428764060139656067e-02
-2.106561511754989624e-02
3.536891192197799683e-02
2.705882303416728973e-02
-4.519739747047424316e-02
2.587349386885762215e-03
5.971191823482513428e-02
8.053721487522125244e-02
1.051877159625291824e-03
1.220357138663530350e-02
2.455470152199268341e-02
-3.205959498882293701e-02
5.611332878470420837e-02
4.235456511378288269e-02
3.656594082713127136e-02
5.009781569242477417e-02
-8.177173323929309845e-03
2.284663030877709389e-03
2.629272639751434326e-02
2.958731912076473236e-02
1.204781327396631241e-02
3.698173537850379944e-02
5.420076474547386169e-02
4.648243263363838196e-02
-1.677215658128261566e-02
4.302135854959487915e-02
4.739921540021896362e-02
-1.740231923758983612e-02
8.194874972105026245e-03
2.516618371009826660e-02
-9.495211765170097351e-03
-1.483302679844200611e-03
6.195030361413955688e-02
