0.000000000000000000e+00
3.023117221891880035e-02
-2.570419572293758392e-02
-1.052333856932818890e-03
-2.523284591734409332e-02
8.781658858060836792e-02
7.216976955533027649e-04
7.808261364698410034e-02
-6.002984009683132172e-04
0.000000000000000000e+00
1.088456958532333374e-01
-7.901227474212646484e-02
-4.117134027183055878e-03
-1.788742840290069580e-02
-2.378423884510993958e-02
2.463100478053092957e-02
5.595432594418525696e-02
-8.736161887645721436e-02
1.194006326841190457e-04
-1.254012167919427156e-04
-8.701513434061780572e-05
7.434845715761184692e-02
0.000000000000000000e+00
1.091114580631256104e-01
-1.850841939449310303e-02
-1.072410814231261611e-04
6.539810448884963989e-02
6.371270865201950073e-02
-4.540383815765380859e-02
-2.380638942122459412e-02
1.167267467826604843e-02
2.782792143989354372e-04
6.371557712554931641e-02
1.124216057360172272e-02
0.000000000000000000e+00
7.665947824716567993e-02
0.000000000000000000e+00
5.623046308755874634e-02
5.801637843251228333e-02
4.175828397274017334e-02
3.352698311209678650e-02
5.393448472023010254e-02
-7.169845048338174820e-03
1.506915781646966934e-02
3.400582121685147285e-03
9.050640463829040527e-02
9.738729149103164673e-02
3.055758133996278048e-04
0.000000000000000000e+00
-2.270225435495376587e-02
-5.906349420547485352e-02
5.034772679209709167e-02
0.000000000000000000e+00
-4.236682504415512085e-02
6.922970712184906006e-02
-5.765869468450546265e-02
8.633096516132354736e-02
-2.946276254078838974e-05
-4.822301119565963745e-02
-1.945170201361179352e-02
9.962235344573855400e-04
-1.529029104858636856e-04
1.839749515056610107e-01
5.096507444977760315e-02
