-2.555993385612964630e-02 2.033052593469619751e-02 -1.451592240482568741e-02 -7.081998060334150810e-34
-1.121292635798454285e-01 -1.503290385007858276e-01 -1.242118254303932190e-01 -1.812620609998703003e-01
-1.760135777294635773e-02 -2.091455608606338501e-01 5.895605683326721191e-02 1.470387428998947144e-01
3.100883960723876953e-01 -1.132055371999740601e-01 -1.352812945842742920e-01 -5.471380893141031265e-03
-1.417580991983413696e-02 -5.960085615515708923e-02 4.134756047278642654e-03 1.107674092054367065e-03
-1.674420945346355438e-02 1.505019664764404297e-01 -2.210395932197570801e-01 -1.439907550811767578e-01
1.233019232749938965e-01 4.370280355215072632e-02 2.717204019427299500e-02 5.368917062878608704e-02
-1.679591983556747437e-01 3.727354109287261963e-02 -1.928012520074844360e-01 1.183009594678878784e-01
-6.690925939176721076e-19 -4.962690174579620361e-02 7.538727018982172012e-03 1.297685503959655762e-02
-5.289416387677192688e-02 -5.586806312203407288e-02 -4.325365275144577026e-02 -7.410943508148193359e-02
-1.779819875955581665e-01 -4.722689464688301086e-02 -1.491367220878601074e-01 -1.844218671321868896e-01
1.518055360065773129e-04 -3.642967494670301676e-04 -1.042991429567337036e-01 6.394950672984123230e-03
1.675618141889572144e-01 -7.094562985002994537e-03 -9.842524677515029907e-02 -1.667440384626388550e-01
3.047117590904235840e-01 -2.253165245056152344e-01 -9.227411448955535889e-02 1.846864372491836548e-01
4.031804949045181274e-02 -1.301379948854446411e-01 3.932692110538482666e-02 8.059656247496604919e-03
1.676376909017562866e-02 -2.027715556323528290e-03 -8.421596139669418335e-02 9.140034019947052002e-02
-5.043482407927513123e-02 1.255489438772201538e-01 -1.579940915107727051e-01 -1.943391263484954834e-01
9.489201754331588745e-02 -9.423195570707321167e-02 -7.386390864849090576e-02 -7.620378583669662476e-02
1.912553310394287109e-01 -1.890519410371780396e-01 2.663168997969478369e-04 2.446384578943252563e-01
1.039040535688400269e-01 1.386297643184661865e-01 2.647087872028350830e-01 2.260180860757827759e-01
-5.660361424088478088e-02 2.624009251594543457e-01 2.963888049125671387e-01 1.033643260598182678e-01
1.141251847147941589e-01 -1.341658830642700195e-01 -1.958911120891571045e-01 1.834559142589569092e-01
-4.564567007037112489e-06 1.380026660883556826e-24 -4.501802381128072739e-03 6.538698077201843262e-02
-2.529884278774261475e-01 2.826166450977325439e-01 1.257431507110595703e-01 6.430358439683914185e-02
4.099040105938911438e-02 -2.712765455209365595e-35 -6.737657636404037476e-02 -2.726787701249122620e-02
2.221237309277057648e-02 1.050704270601272583e-01 2.724583745002746582e-01 1.917339414358139038e-01
-6.940586864948272705e-02 -1.225526407361030579e-01 -7.971420884132385254e-02 -1.726949512958526611e-01
-1.114210486412048340e-01 1.137790307402610779e-01 -1.419558469206094742e-02 -1.929893940687179565e-01
-6.371765630319714546e-04 -5.273919552564620972e-02 -4.236111417412757874e-04 -2.931792056187987328e-03
-1.050741877406835556e-02 -5.365075916051864624e-02 1.912471055984497070e-01 2.157892286777496338e-01
1.272705644369125366e-01 1.881348192691802979e-01 1.591037064790725708e-01 1.901359483599662781e-02
1.246387958526611328e-01 1.843478083610534668e-01 2.632190287113189697e-01 1.777689307928085327e-01
-5.732384696602821350e-02 2.469024062156677246e-01 -1.584990322589874268e-01 -1.333052664995193481e-01
-4.696281626820564270e-02 1.526184976100921631e-01 1.796449571847915649e-01 -4.102183971554040909e-03
-4.311269894242286682e-02 1.952390812220983207e-05 -1.340318284928798676e-02 -9.150687605142593384e-02
-9.068898856639862061e-02 2.134170942008495331e-02 -3.183347359299659729e-02 -9.191184490919113159e-02
3.679359098896384239e-03 -2.273121662437915802e-02 -2.194673381745815277e-02 -3.894955664873123169e-02
-1.553423851728439331e-01 1.713133901357650757e-01 -1.656660996377468109e-02 -1.667145639657974243e-01
-1.166564133018255234e-02 1.470639407634735107e-01 -1.315865516662597656e-01 3.028252627700567245e-03
1.484652757644653320e-01 1.864655315876007080e-01 -9.280589967966079712e-02 5.289696529507637024e-02
-7.098259776830673218e-02 7.783341687172651291e-03 2.023978531360626221e-01 1.038372814655303955e-01
3.996617347002029419e-02 -7.163113355636596680e-02 6.224665045738220215e-02 2.339987605810165405e-01
-5.353534966707229614e-02 -3.064249455928802490e-02 1.981525123119354248e-01 8.818957954645156860e-02
2.938078939914703369e-01 -1.071931943297386169e-01 -1.234259530901908875e-01 -1.639802902936935425e-01
1.205187886953353882e-01 1.754514276981353760e-01 -4.003238305449485779e-02 -1.830750107765197754e-01
-1.453471928834915161e-01 1.340716332197189331e-01 -1.966886520385742188e-01 1.265185885131359100e-02
-1.580979079008102417e-01 4.120495542883872986e-02 -2.995231561362743378e-02 -6.242743507027626038e-02
2.769993245601654053e-01 -3.688116744160652161e-02 4.358705878257751465e-02 1.055946871638298035e-01
6.362290680408477783e-02 -2.372220660618040711e-05 -3.689458360895514488e-03 1.054792195940100063e-16
1.742691732943058014e-03 -5.423238500952720642e-02 3.261011242866516113e-01 2.431442588567733765e-01
-1.193475895888695959e-06 -1.175893819890916348e-03 -9.694228321313858032e-02 -3.481757268309593201e-02
1.752785444259643555e-01 -9.070075303316116333e-02 -9.157194197177886963e-02 -1.076644659042358398e-01
-5.398180708289146423e-02 1.771757354163128184e-07 2.308778930455446243e-03 -6.200224906206130981e-02
5.738741531968116760e-02 6.678996141999959946e-04 -1.130577251315116882e-01 4.503820464015007019e-02
-1.409324407577514648e-01 6.764182448387145996e-02 2.340408116579055786e-01 1.224834695458412170e-01
3.439205512404441833e-02 -1.573466137051582336e-02 -1.097684279084205627e-01 -7.905124872922897339e-02
-1.687970161437988281e-01 2.091797254979610443e-02 7.321626693010330200e-02 -4.548358917236328125e-02
2.388290464878082275e-01 2.782258987426757812e-01 1.860153824090957642e-01 -2.835973538458347321e-02
-1.298121456056833267e-02 -8.778725564479827881e-02 8.827995508909225464e-02 5.582714919000864029e-03
9.703830000944435596e-04 -8.693989366292953491e-04 2.574460231699049473e-04 -8.374679833650588989e-02
1.164204720407724380e-02 -1.025893986225128174e-01 2.503390908241271973e-01 1.828214377164840698e-01
-3.354657813906669617e-02 1.424923241138458252e-01 2.167742401361465454e-01 1.574811935424804688e-01
-1.185859292745590210e-01 9.861473925411701202e-03 -9.750137478113174438e-02 -4.194667935371398926e-02
6.939202547073364258e-02 2.324407994747161865e-01 -2.320472151041030884e-01 -2.172615677118301392e-01
