-3.340346738696098328e-02
1.326600611209869385e-01
-3.197579458355903625e-02
1.111330185085535049e-02
-8.660082519054412842e-02
6.131094414740800858e-04
-4.757144674658775330e-02
1.013270393013954163e-01
7.768242619931697845e-03
1.126038879156112671e-01
1.222869614139199257e-03
-2.758624963462352753e-02
-8.822163566946983337e-03
-4.462945461273193359e-02
2.073503658175468445e-02
-7.549292594194412231e-02
9.727022610604763031e-03
4.912130907177925110e-02
-3.023146651685237885e-02
-3.269211202859878540e-02
7.706560194492340088e-02
1.301279962062835693e-01
8.110527880489826202e-03
-5.149668827652931213e-02
8.883194625377655029e-02
1.077056396752595901e-02
-1.659038290381431580e-02
1.250781305134296417e-02
4.358551523182541132e-04
7.408660370856523514e-03
9.004943817853927612e-02
7.857964187860488892e-02
-6.799138337373733521e-02
4.910542070865631104e-02
-2.305217087268829346e-02
9.573021531105041504e-02
5.133378878235816956e-02
6.834746897220611572e-02
-9.205181151628494263e-02
5.617368035018444061e-03
-7.526483386754989624e-02
9.294291958212852478e-03
7.598302513360977173e-02
1.248860284686088562e-01
3.134259954094886780e-02
-2.676815539598464966e-02
3.774209320545196533e-02
2.926206961274147034e-02
1.697246171534061432e-02
-1.548055112361907959e-01
8.169677853584289551e-02
2.424609288573265076e-02
4.289066791534423828e-02
1.032610535621643066e-01
3.702019108459353447e-03
-1.910358667373657227e-03
9.185363352298736572e-02
-1.551530905999243259e-03
4.158725962042808533e-02
-1.531889587640762329e-01
2.021444961428642273e-02
9.706439822912216187e-02
-1.159013714641332626e-02
1.240919157862663269e-01
