-3.107256628572940826e-02
-2.862150035798549652e-02
6.838816404342651367e-02
6.925696134567260742e-02
7.116129994392395020e-02
7.550736516714096069e-02
-2.983360318467020988e-03
8.032999932765960693e-02
-4.864653199911117554e-02
7.368974387645721436e-02
7.658533751964569092e-02
8.991899341344833374e-02
-1.110770031809806824e-01
5.850265920162200928e-02
6.512684375047683716e-02
6.810511648654937744e-02
3.634747490286827087e-02
3.860503062605857849e-02
-4.713809490203857422e-02
4.364388529211282730e-03
2.220593765377998352e-02
7.712219655513763428e-02
-3.831259906291961670e-02
-3.905772045254707336e-02
5.205491557717323303e-02
-4.464007914066314697e-02
3.439736738801002502e-02
6.919798254966735840e-02
8.043225109577178955e-02
9.274311363697052002e-02
-3.698197891935706139e-03
-6.529652327299118042e-02
2.577557973563671112e-02
-3.457739204168319702e-02
-4.649923741817474365e-02
7.830652594566345215e-02
7.225205004215240479e-02
-3.994404152035713196e-02
-8.769918978214263916e-02
8.266130834817886353e-02
-9.371189773082733154e-02
-2.282012626528739929e-02
-5.810000002384185791e-02
7.441421598196029663e-02
6.769904401153326035e-03
6.601048260927200317e-02
1.282062474638223648e-02
-1.584076508879661560e-02
6.730904430150985718e-02
3.802739828824996948e-02
7.852351665496826172e-02
8.644630014896392822e-02
4.848582297563552856e-02
2.848342247307300568e-02
-4.568840563297271729e-02
7.556979358196258545e-02
2.694453299045562744e-02
7.595233619213104248e-02
6.208954751491546631e-02
7.210598140954971313e-02
8.528166264295578003e-02
7.808220386505126953e-02
6.614770740270614624e-02
6.103235483169555664e-02
