-5.318903550505638123e-02 3.476131707429885864e-02 1.492716223001480103e-01 -9.461066871881484985e-02
1.439251303672790527e-01 -4.163614660501480103e-02 -1.249089315533638000e-01 1.192650794982910156e-01
-1.546273231506347656e-01 -3.153932467103004456e-02 -7.144066691398620605e-02 2.059156075119972229e-02
-2.163949422538280487e-02 -3.479749336838722229e-02 1.401061266660690308e-01 -1.012389883399009705e-01
6.681460142135620117e-02 6.941587664186954498e-03 -8.501862734556198120e-02 7.892605662345886230e-02
-1.219317764043807983e-01 -1.488757580518722534e-01 1.478595137596130371e-01 -1.706580221652984619e-01
1.430899798870086670e-01 1.226645931601524353e-01 9.255107492208480835e-02 1.281884461641311646e-01
-2.187897078692913055e-02 4.952134564518928528e-02 -4.352219775319099426e-02 5.228595808148384094e-02
4.337282851338386536e-02 -2.414633519947528839e-03 6.622804701328277588e-02 -4.215391352772712708e-03
1.845137402415275574e-02 -1.654127053916454315e-02 -3.970250952988862991e-03 3.335186466574668884e-02
8.101639151573181152e-02 1.443019211292266846e-01 -3.323990851640701294e-02 6.159033998847007751e-02
-5.900039523839950562e-02 -1.123150140047073364e-01 6.596516817808151245e-02 7.944904267787933350e-02
-1.175954714417457581e-01 -3.458466380834579468e-02 5.648887902498245239e-02 -1.049627736210823059e-01
-8.019645512104034424e-02 7.093463838100433350e-02 -7.226760033518075943e-03 5.970929935574531555e-02
2.286236435174942017e-01 -8.616878092288970947e-02 3.757260367274284363e-02 -1.553182005882263184e-01
5.916389822959899902e-02 -7.429178059101104736e-02 9.275244176387786865e-02 3.677157685160636902e-02
1.266735643148422241e-01 -1.022065877914428711e-01 1.311071217060089111e-02 1.531189233064651489e-01
1.891311854124069214e-01 4.887444525957107544e-02 1.861633956432342529e-01 -1.180644631385803223e-01
2.006403654813766479e-01 1.048181653022766113e-01 -1.234796121716499329e-01 1.198256239295005798e-01
1.060156151652336121e-01 -3.551349043846130371e-02 -1.305601149797439575e-01 -8.470855653285980225e-02
-1.778210401535034180e-01 -1.256206929683685303e-01 1.616602838039398193e-01 3.850383311510086060e-02
-3.748596459627151489e-02 -8.028580248355865479e-02 5.481103062629699707e-02 -2.757329866290092468e-02
1.243080574017165751e-31 3.009256161749362946e-02 4.831821843981742859e-02 -2.120681107044219971e-02
-1.311180829031586767e-14 -6.347115850076079369e-04 1.154410529125016183e-05 1.888964179670438170e-04
-6.552705913782119751e-02 -1.329849567264318466e-02 -1.897380314767360687e-02 -3.858137279166840017e-05
-1.211188137531280518e-01 -9.248830378055572510e-02 1.905844211578369141e-01 -1.343240141868591309e-01
7.005155086517333984e-02 9.186567366123199463e-02 1.360591873526573181e-02 -8.489786088466644287e-02
-1.325348764657974243e-01 4.778940230607986450e-02 -1.035588886588811874e-02 -1.226356849074363708e-01
3.949408605694770813e-02 1.045589372515678406e-01 -1.037819236516952515e-01 5.458982661366462708e-02
8.342086523771286011e-02 1.716287434101104736e-01 -4.859801381826400757e-02 -1.559924930334091187e-01
4.734558612108230591e-02 1.197731047868728638e-01 1.299184858798980713e-01 4.613040015101432800e-02
-6.618122756481170654e-02 -1.093026399612426758e-01 1.878200322389602661e-01 -8.563799411058425903e-02
-4.493230953812599182e-02 1.701537966728210449e-01 8.752986043691635132e-02 -1.849766373634338379e-01
1.344152688980102539e-01 7.815566658973693848e-02 -4.241452366113662720e-02 -1.107268333435058594e-01
2.068168371915817261e-01 4.451062157750129700e-02 2.725717425346374512e-02 -1.079811155796051025e-01
4.383163154125213623e-02 2.796689793467521667e-02 1.258520632982254028e-01 -6.191318109631538391e-02
4.331267625093460083e-02 -3.339208662509918213e-02 6.086358800530433655e-02 -7.584244012832641602e-02
-7.278453558683395386e-02 2.346665132790803909e-03 8.079669624567031860e-02 -5.505022034049034119e-02
-7.402589917182922363e-02 1.148640736937522888e-01 -1.243513748049736023e-01 4.928923770785331726e-02
2.515173284336924553e-03 1.032431200146675110e-01 -5.227601528167724609e-02 -6.103461235761642456e-02
-2.426409907639026642e-02 2.224823236465454102e-01 -6.238615140318870544e-02 2.108082734048366547e-02
8.225607872009277344e-02 7.600397616624832153e-02 1.757538169622421265e-01 -1.047826185822486877e-01
1.120983213186264038e-01 -1.108741313219070435e-01 8.355593681335449219e-02 -2.476592734456062317e-02
1.305903643369674683e-01 9.714955836534500122e-02 9.800575673580169678e-02 -1.708692908287048340e-01
-2.224401384592056274e-02 -8.558015525341033936e-02 1.718720346689224243e-01 -1.582679748535156250e-01
1.564030051231384277e-01 -1.903964206576347351e-02 6.332442909479141235e-02 8.992358925752341747e-04
1.904429346323013306e-01 6.282371282577514648e-02 2.150141596794128418e-01 1.333843022584915161e-01
-3.841649368405342102e-02 9.760571643710136414e-03 -4.346675996202975512e-04 -8.973005606094375253e-05
-6.348032504320144653e-02 1.392660588026046753e-01 2.038236558437347412e-01 -1.343444734811782837e-01
-1.965076290071010590e-02 -8.233169093728065491e-03 1.985571235418319702e-01 -1.758520156145095825e-01
2.062072008848190308e-01 -1.021457388997077942e-01 1.310430318117141724e-01 -7.685106247663497925e-02
1.753146052360534668e-01 1.699771881103515625e-01 1.095557808876037598e-01 -4.253791179507970810e-03
-7.468956056982278824e-03 -8.928107470273971558e-02 -1.153539046645164490e-01 5.313462018966674805e-02
1.625544130802154541e-01 -1.324027925729751587e-01 9.972051531076431274e-02 1.214634552597999573e-01
-2.520892210304737091e-02 1.640930771827697754e-01 -1.194714605808258057e-01 -9.052415937185287476e-02
1.139208525419235229e-01 -2.135485224425792694e-02 1.581999361515045166e-01 -6.142282113432884216e-02
1.147424429655075073e-01 1.637715548276901245e-01 1.889211833477020264e-01 7.017747499048709869e-03
-2.951306290924549103e-03 2.788206038530915976e-04 5.521737070897232289e-30 4.807669443695879985e-21
-2.682301215827465057e-02 1.918121874332427979e-01 7.430323865264654160e-03 -9.189525619149208069e-03
1.829460076987743378e-02 -5.797344259917736053e-03 -1.343045732937753201e-03 1.810961402952671051e-02
1.818081177771091461e-02 -1.327117718756198883e-02 1.338646188378334045e-02 3.341146931052207947e-02
1.082818116992712021e-02 -4.033952206373214722e-02 -1.786672882735729218e-02 1.992932893335819244e-02
1.195455044507980347e-01 3.388338908553123474e-02 1.448863297700881958e-01 1.142546609044075012e-01
-1.244577988982200623e-01 -1.081014610826969147e-02 1.091196835041046143e-01 -1.719061285257339478e-01
-6.213971413671970367e-03 -1.839691959321498871e-02 1.386240241117775440e-03 -9.606261737644672394e-03
-1.760780960321426392e-01 1.195352971553802490e-01 -3.282931447029113770e-02 -2.770265564322471619e-02
2.108254432678222656e-01 5.280679836869239807e-02 1.298783533275127411e-02 5.215677991509437561e-02
1.959678530693054199e-01 -8.850732818245887756e-03 -4.011261835694313049e-02 4.040030762553215027e-02
1.307416334748268127e-02 -9.496249258518218994e-02 -1.934197358787059784e-02 7.166699320077896118e-02
-1.314158588647842407e-01 8.291697129607200623e-03 8.224008977413177490e-02 3.233600582461804152e-04
7.030099630355834961e-02 9.891183674335479736e-02 1.534915063530206680e-03 4.010359942913055420e-02
-1.137136295437812805e-01 -1.935659535229206085e-02 1.652451455593109131e-01 -4.911766946315765381e-02
1.532050967216491699e-01 4.793768748641014099e-02 2.081120572984218597e-02 -1.941369175910949707e-01
1.198101863265037537e-01 -2.532314881682395935e-02 -2.943339943885803223e-02 -1.637419126927852631e-02
2.870154753327369690e-02 -5.338706448674201965e-02 1.404085755348205566e-01 -3.306899964809417725e-02
-5.306555703282356262e-02 -2.620329894125461578e-02 -1.406806427985429764e-02 5.039327219128608704e-02
2.198793590068817139e-01 -1.595634967088699341e-01 1.479192823171615601e-01 6.233620271086692810e-02
-1.081364527344703674e-01 -6.046508252620697021e-02 -1.028188914060592651e-01 3.475435078144073486e-02
7.648890465497970581e-02 1.630173027515411377e-01 -5.877513438463211060e-02 6.022441387176513672e-02
-3.778363391757011414e-02 2.447579056024551392e-02 -1.233096644282341003e-01 8.732745051383972168e-02
1.849280670285224915e-02 9.105961769819259644e-02 -7.777187228202819824e-02 -3.653174638748168945e-02
4.640274122357368469e-02 4.056741297245025635e-02 -1.382898092269897461e-01 4.328355938196182251e-02
1.098569780588150024e-01 1.022329106926918030e-01 2.567243389785289764e-02 3.601422905921936035e-02
5.134671553969383240e-02 -9.853492677211761475e-02 3.082339838147163391e-02 -7.734463363885879517e-02
1.747481077909469604e-01 5.855157598853111267e-02 7.258297502994537354e-02 6.648468226194381714e-02
1.808331757783889771e-01 1.374290883541107178e-01 1.491679847240447998e-01 -1.229909881949424744e-01
7.541549950838088989e-02 1.961513459682464600e-01 -3.440012515056878328e-04 -1.101929768919944763e-01
-5.404163897037506104e-02 -5.285586789250373840e-02 -1.271867603063583374e-01 -1.061879694461822510e-01
1.451944117434322834e-03 -9.980650991201400757e-02 -5.466385278850793839e-03 6.428131461143493652e-02
1.501299291849136353e-01 1.692409813404083252e-01 -4.366764333099126816e-03 -1.505842506885528564e-01
-5.603136867284774780e-02 -1.587087064981460571e-01 9.359899163246154785e-02 -1.808954589068889618e-02
5.794399604201316833e-02 -1.884823665022850037e-02 1.149582713842391968e-01 -1.917703300714492798e-01
2.285504490137100220e-01 -6.908226013183593750e-02 8.908864855766296387e-02 9.601362049579620361e-02
-6.869981437921524048e-02 1.884279251098632812e-01 9.220799803733825684e-02 5.009715259075164795e-02
3.478866815567016602e-02 5.243679881095886230e-02 -1.282798200845718384e-01 -1.838145591318607330e-02
-1.084957178682088852e-02 -5.646031722426414490e-02 5.270617455244064331e-02 4.456337483134120703e-04
-1.725956201553344727e-01 9.384947270154953003e-02 2.261860668659210205e-02 -2.790589816868305206e-02
7.544302172426301836e-32 -3.938922658562660217e-02 1.337761335319593215e-19 7.830278627807274461e-05
1.634835498407483101e-03 -2.189283259212970734e-02 8.990056192687667698e-32 2.529991976916790009e-02
4.755022004246711731e-02 -6.471599638462066650e-02 -1.609577797353267670e-02 1.308558695018291473e-02
7.631880789995193481e-02 -4.869082197546958923e-02 -1.123241260647773743e-01 -4.289310798048973083e-02
-5.984061956405639648e-02 5.060052871704101562e-02 1.944521218538284302e-01 -3.097974695265293121e-02
-3.506075963377952576e-02 -7.712938357144594193e-03 -2.598009072244167328e-02 -2.163518592715263367e-02
4.565992206335067749e-02 9.909634292125701904e-02 1.014146208763122559e-01 1.400734782218933105e-01
8.290539681911468506e-02 -1.003022119402885437e-01 -5.380469188094139099e-02 3.850388806313276291e-03
2.595727145671844482e-02 -9.732963144779205322e-02 1.192022264003753662e-01 -9.651355445384979248e-02
-1.972645521163940430e-03 -3.167968243360519409e-03 4.981308362633523979e-32 3.134087100625038147e-02
1.611250936985015869e-01 5.224615335464477539e-02 1.864939033985137939e-01 -1.072577685117721558e-01
1.329310704022645950e-02 7.628520950675010681e-03 -2.861057780683040619e-02 -9.012112021446228027e-02
1.030656844377517700e-01 -2.346496284008026123e-02 -4.032520204782485962e-02 4.503934457898139954e-02
-4.487750411499291658e-04 4.072842063607140517e-09 -5.952301435172557831e-04 3.271785750985145569e-02
-2.627140143886208534e-03 6.097480282187461853e-02 3.819720074534416199e-02 3.393301740288734436e-02
1.739519536495208740e-01 -2.320879697799682617e-02 -3.436349704861640930e-02 -1.447995901107788086e-01
-1.917987763881683350e-01 1.825969517230987549e-01 -3.998289257287979126e-02 -1.496080458164215088e-01
6.630006432533264160e-02 -9.789986908435821533e-02 -3.921154513955116272e-02 4.112707450985908508e-02
7.496290653944015503e-02 1.811595410108566284e-01 1.232919096946716309e-01 -1.473048031330108643e-01
1.812516301870346069e-01 -1.986556500196456909e-02 -1.308910101652145386e-01 -7.260952144861221313e-02
-1.011679172515869141e-01 -1.203966140747070312e-02 -1.013603657484054565e-01 -1.309607028961181641e-01
-2.033290266990661621e-02 -8.786841481924057007e-02 1.400297414511442184e-02 -1.951523125171661377e-02
-1.653468422591686249e-02 -2.109836786985397339e-02 -6.401165574789047241e-02 -9.956266731023788452e-02
5.218082666397094727e-02 -4.438228497747331858e-04 -5.467265378683805466e-03 2.063355874270200729e-03
1.637098491191864014e-01 1.317085474729537964e-01 1.834108531475067139e-01 -2.760716155171394348e-02
4.260134883224964142e-03 9.535644948482513428e-02 5.681644380092620850e-02 4.565347731113433838e-02
2.611308097839355469e-01 7.291082292795181274e-02 1.074385195970535278e-01 4.606384038925170898e-02
-1.343692988157272339e-01 1.404716670513153076e-01 -9.354484081268310547e-02 -8.553319424390792847e-02
-1.635802835226058960e-01 2.771080285310745239e-02 -1.220520865172147751e-02 1.060946732759475708e-01
-8.497794717550277710e-02 2.369089610874652863e-02 -7.428317517042160034e-02 -1.275663226842880249e-01
1.002461314201354980e-01 3.153996914625167847e-02 8.031161874532699585e-02 7.426907122135162354e-02
