-2.779655531048774719e-02
7.537885010242462158e-02
-3.373078629374504089e-02
-2.120050415396690369e-02
3.146476298570632935e-02
3.124107839539647102e-03
4.302974045276641846e-02
-1.613700203597545624e-02
7.538679987192153931e-02
4.443923383951187134e-02
-2.152565307915210724e-02
-6.124735344201326370e-03
-5.912912264466285706e-02
3.915618732571601868e-02
2.269383892416954041e-02
-4.862752929329872131e-02
-5.318922176957130432e-02
-3.244170546531677246e-02
6.399004161357879639e-02
5.445477738976478577e-02
3.292629867792129517e-02
-5.341563373804092407e-02
3.635740652680397034e-02
3.279673680663108826e-02
4.254683479666709900e-02
5.405125394463539124e-02
2.640107646584510803e-02
5.251266807317733765e-02
-5.654035136103630066e-02
-1.395229250192642212e-02
-4.953526332974433899e-02
7.804255187511444092e-02
5.119676887989044189e-02
-3.831887245178222656e-02
5.063363909721374512e-02
2.826717495918273926e-02
2.296536974608898163e-02
3.869165852665901184e-02
2.669624984264373779e-03
2.505779080092906952e-02
2.529778331518173218e-02
-4.719956964254379272e-02
-7.028336822986602783e-02
3.924259170889854431e-02
4.970396682620048523e-02
1.098375860601663589e-02
-1.019932213239371777e-03
-4.303913563489913940e-02
5.756498873233795166e-02
-3.789122402667999268e-02
-3.776286914944648743e-02
4.096661135554313660e-02
4.119859635829925537e-02
6.261230260133743286e-02
1.769373565912246704e-02
3.952514752745628357e-02
7.230234146118164062e-02
2.575368061661720276e-02
4.194386303424835205e-02
3.714463114738464355e-02
7.701148092746734619e-02
6.100603193044662476e-02
4.418067261576652527e-02
2.077049203217029572e-02
