-1.089899316430091858e-01 -1.561347395181655884e-01
2.251908183097839355e-01 -1.530979126691818237e-01
-1.235315874218940735e-01 -2.436061501502990723e-01
-6.843357533216476440e-02 -1.419171243906021118e-01
5.521925538778305054e-02 2.744549810886383057e-01
-1.011357381939888000e-01 1.843457110226154327e-02
2.211577594280242920e-01 -1.131391674280166626e-01
-1.176995337009429932e-01 6.641899235546588898e-03
5.980421230196952820e-02 -1.782274246215820312e-02
1.591148376464843750e-01 -1.903181523084640503e-01
-1.261095795780420303e-02 1.688538342714309692e-01
7.962431013584136963e-02 1.889412999153137207e-01
4.769818857312202454e-02 2.109761834144592285e-01
-1.812663860619068146e-02 -2.261411398649215698e-01
8.787325024604797363e-02 1.857164800167083740e-01
-1.226986944675445557e-01 -1.598739475011825562e-01
-9.657347202301025391e-02 -3.043345920741558075e-02
-2.447840422391891479e-01 2.091070562601089478e-01
1.195176988840103149e-01 -2.251556515693664551e-01
2.740469872951507568e-01 -3.022976219654083252e-01
1.645669788122177124e-01 -2.302699387073516846e-01
-1.828915178775787354e-01 -4.312892444431781769e-03
3.239673972129821777e-01 9.029380977153778076e-02
2.053733021020889282e-01 -1.492639631032943726e-01
3.064346127212047577e-02 -3.443677723407745361e-01
7.109652459621429443e-02 1.275728791952133179e-01
3.948814794421195984e-02 2.862241864204406738e-01
3.393948078155517578e-01 -4.727030172944068909e-02
-2.119344025850296021e-01 1.605101674795150757e-01
-3.060507774353027344e-02 2.353398501873016357e-01
-8.302105963230133057e-02 2.286296933889389038e-01
1.630048304796218872e-01 -3.899636864662170410e-02
1.805498749017715454e-01 -6.933015305548906326e-03
-8.454275876283645630e-02 -2.449635714292526245e-01
1.946272701025009155e-01 2.157642245292663574e-01
2.442103177309036255e-01 1.734648942947387695e-01
2.006175229325890541e-03 -7.479692250490188599e-02
2.175913304090499878e-01 2.448576837778091431e-01
-1.238554343581199646e-02 6.983511149883270264e-02
1.544111967086791992e-01 -1.733802109956741333e-01
-2.638691067695617676e-01 1.819069683551788330e-01
-2.492145448923110962e-02 -1.659187823534011841e-01
-4.831550270318984985e-02 2.250672429800033569e-01
2.430576533079147339e-01 2.536946237087249756e-01
2.815579175949096680e-01 -2.484029829502105713e-01
-7.248912006616592407e-02 -2.606902644038200378e-02
8.158097416162490845e-02 1.773716509342193604e-01
-1.609224826097488403e-02 7.131485641002655029e-02
3.625562880188226700e-03 -2.023088783025741577e-01
-1.926416531205177307e-03 1.303048729896545410e-01
3.766972199082374573e-02 1.313780695199966431e-01
3.223495185375213623e-01 -5.611849576234817505e-02
1.424123495817184448e-01 1.638631224632263184e-01
3.457379043102264404e-01 -3.078292906284332275e-01
2.832021415233612061e-01 2.798919193446636200e-02
9.536230564117431641e-02 -2.154035717248916626e-01
1.469021886587142944e-01 8.285919902846217155e-04
2.111396342515945435e-01 5.792229622602462769e-02
-2.435149159282445908e-03 -2.573639750480651855e-01
1.125071346759796143e-01 8.411631733179092407e-02
1.283194273710250854e-01 3.355068713426589966e-02
7.784215360879898071e-02 3.244250714778900146e-01
1.065782457590103149e-01 -5.710595473647117615e-02
2.558976709842681885e-01 3.134596347808837891e-02
