2.141069024801254272e-01 -3.760706633329391479e-02 1.417307108640670776e-01 -1.483669281005859375e-01
-9.939158707857131958e-02 8.988729678094387054e-03 3.244731575250625610e-02 -1.020940840244293213e-01
-1.529126986861228943e-02 -1.976984441280364990e-01 2.843003869056701660e-01 1.655812710523605347e-01
6.449580192565917969e-02 1.018620282411575317e-02 2.878492698073387146e-02 -9.599601477384567261e-02
-1.219242736697196960e-01 -1.450105607509613037e-01 -2.437039045616984367e-03 2.269177585840225220e-01
-1.235432028770446777e-01 -1.254928410053253174e-01 -3.179770708084106445e-01 3.163937330245971680e-01
3.367136046290397644e-02 -2.226661890745162964e-02 -9.274630248546600342e-02 6.939535588026046753e-02
1.623606309294700623e-02 9.615452587604522705e-02 1.268998980522155762e-01 -1.405493170022964478e-01
1.443370878696441650e-01 1.073116064071655273e-01 3.278762996196746826e-01 -1.068656519055366516e-01
-1.143287643790245056e-01 1.003150120377540588e-01 -4.971025045961141586e-04 2.121695280075073242e-01
-1.736358553171157837e-01 3.351112827658653259e-02 -1.048102527856826782e-01 2.535987412557005882e-03
1.552459150552749634e-01 -1.442971676588058472e-01 1.952507197856903076e-01 -2.323228716850280762e-01
-5.106674143462441862e-05 -1.902595162391662598e-02 -2.594652399420738220e-02 6.099218496591015705e-16
-9.169227813774010460e-19 -5.600602552294731140e-02 -5.933777242898941040e-02 3.458014503121376038e-02
1.597603410482406616e-01 -3.289662301540374756e-02 5.474830418825149536e-02 2.490366101264953613e-01
-8.758572861552238464e-03 4.410336539149284363e-02 -1.766699254512786865e-01 2.515143454074859619e-01
-1.424575001001358032e-01 3.540332987904548645e-02 1.889275610446929932e-01 -2.228182256221771240e-01
-1.887299120426177979e-01 2.666960656642913818e-02 1.599945500493049622e-02 6.462773773819208145e-03
5.713134631514549255e-02 -1.048766598105430603e-01 2.333855330944061279e-01 -3.175588697195053101e-02
2.092246562242507935e-01 8.849738165736198425e-03 -4.816902056336402893e-02 3.378984034061431885e-01
-1.223146799020469189e-03 -2.747274748980998993e-02 -1.452291756868362427e-01 7.113967090845108032e-02
-2.114033885300159454e-02 -1.604876816272735596e-01 6.137572199804708362e-05 3.522491753101348877e-01
6.084970664232969284e-03 -5.527589470148086548e-02 -2.672990784049034119e-02 1.189566974062472582e-04
8.631402999162673950e-02 6.234467960894107819e-03 3.116581588983535767e-02 -3.399947658181190491e-02
-1.086236834526062012e-01 1.211190894246101379e-01 -1.887848079204559326e-01 1.623173952102661133e-01
-2.592292726039886475e-01 1.325540244579315186e-01 1.714288890361785889e-01 -2.525068223476409912e-01
1.245277374982833862e-01 -1.547708064317703247e-01 3.218745812773704529e-02 3.107044100761413574e-01
2.427409142255783081e-01 -2.401450872421264648e-01 1.890043020248413086e-01 2.075615525245666504e-01
-9.951850026845932007e-02 -7.995167747139930725e-03 -5.894973129034042358e-02 2.105157822370529175e-02
2.653569215908646584e-03 -1.942299131769686937e-04 -4.656354431062936783e-03 4.141276702284812927e-03
-1.695414632558822632e-02 -4.051408264786005020e-03 1.829872429370880127e-01 -2.389038354158401489e-01
-8.510586619377136230e-02 1.063435338437557220e-04 2.499441279724123888e-06 1.630415953695774078e-02
-1.208592653274536133e-01 -5.560939759016036987e-02 -1.411113739013671875e-01 -7.443997263908386230e-02
3.122465610504150391e-01 -1.352019011974334717e-01 2.687368094921112061e-01 -1.664504967629909515e-02
-1.197847723960876465e-01 -4.968354851007461548e-02 -2.013146132230758667e-01 2.307547628879547119e-01
2.322143130004405975e-02 -1.005607321858406067e-01 1.997735202312469482e-01 -1.307107806205749512e-01
1.878624409437179565e-02 -8.021810092031955719e-03 -2.545863017439842224e-02 -5.694377049803733826e-02
-7.006701081991195679e-02 -2.166366949677467346e-02 3.050141222774982452e-02 -1.381763219833374023e-01
2.802856266498565674e-01 8.839195966720581055e-02 1.825100034475326538e-01 7.365550100803375244e-02
1.142470917869786717e-08 6.415201351046562195e-03 5.340838804841041565e-02 -6.382398609616757312e-09
2.505674660205841064e-01 -1.466001123189926147e-01 7.764807343482971191e-02 8.304443955421447754e-02
-2.574125118553638458e-02 -1.944693940458819270e-04 2.590736001729965210e-02 -1.088442653417587280e-01
-1.338296979665756226e-01 -7.570254802703857422e-02 2.125837355852127075e-01 -3.066560626029968262e-01
2.478454262018203735e-01 -1.058315020054578781e-02 1.641699969768524170e-01 7.226835936307907104e-02
-1.519858986139297485e-01 4.856437817215919495e-02 -1.529009640216827393e-01 2.559815347194671631e-01
2.027388848364353180e-02 -9.284237027168273926e-02 1.619598269462585449e-01 1.123441904783248901e-01
2.928802073001861572e-01 -7.917376607656478882e-02 9.395006299018859863e-02 -2.111196145415306091e-02
-1.381299365311861038e-02 1.938550919294357300e-02 -1.074109673500061035e-01 1.955565065145492554e-01
9.633366018533706665e-03 6.742355227470397949e-02 7.583201676607131958e-02 -1.550481561571359634e-02
-4.042565822601318359e-02 -3.752056744969813177e-33 2.395232766866683960e-02 -6.598146259784698486e-02
9.671209007501602173e-02 -3.352053835988044739e-02 -1.181109528988599777e-02 1.005661934614181519e-01
-2.923987060785293579e-02 1.167373135685920715e-01 -1.409543156623840332e-01 -6.354600936174392700e-02
-2.217234671115875244e-02 8.214508742094039917e-02 2.584775909781455994e-02 -2.366289496421813965e-01
1.045473963022232056e-01 -8.506697416305541992e-02 1.357561349868774414e-01 1.826120764017105103e-01
-2.217145822942256927e-02 4.963384475558996201e-03 -7.510275393724441528e-02 -8.765159547328948975e-02
-1.129730045795440674e-01 -2.029220759868621826e-02 -9.151559323072433472e-02 2.189071103930473328e-02
-1.422613114118576050e-01 -7.150463759899139404e-03 7.096366584300994873e-02 -2.987345755100250244e-01
2.280934602022171021e-01 -1.123369634151458740e-01 1.152130439877510071e-01 1.092957630753517151e-01
1.336190700531005859e-01 -2.498514652252197266e-01 3.011489808559417725e-01 -1.079978886991739273e-03
-9.831745922565460205e-02 -6.914979219436645508e-02 -5.744884163141250610e-02 1.952184736728668213e-01
1.153849288821220398e-01 5.370484665036201477e-02 1.054774075746536255e-01 2.091469466686248779e-01
-2.905604378611315042e-05 -3.720035084991964011e-34 1.170953146356623620e-05 7.428261778216941197e-33
-7.318270858377218246e-03 -8.347541093826293945e-03 3.151831682771444321e-03 2.036864242193493770e-20
2.082695662975311279e-01 -2.707218527793884277e-01 9.241656959056854248e-02 5.978299304842948914e-02
