-5.653079152107238770e-01 3.592418432235717773e-01
-1.100407019257545471e-01 -0.000000000000000000e+00
-3.968273997306823730e-01 -5.235858559608459473e-01
-1.862894147634506226e-01 -1.143411695957183838e-01
5.930829644203186035e-01 -1.838468611240386963e-01
-4.454488158226013184e-01 -2.623523175716400146e-01
-3.945007026195526123e-01 -0.000000000000000000e+00
3.217386305332183838e-01 5.975373387336730957e-01
0.000000000000000000e+00 0.000000000000000000e+00
0.000000000000000000e+00 4.059823453426361084e-01
-1.619639545679092407e-01 -7.222647219896316528e-02
-2.935041189193725586e-01 -5.846625566482543945e-01
3.054947555065155029e-01 2.506757080554962158e-01
4.316692799329757690e-02 5.452396869659423828e-01
-0.000000000000000000e+00 0.000000000000000000e+00
-2.704842984676361084e-01 3.337552249431610107e-01
