3.102612197399139404e-01 6.309282779693603516e-02 3.949790000915527344e-01 -1.204652711749076843e-01 1.810025274753570557e-01 -5.632709711790084839e-02 -2.984746694564819336e-01 -1.818485707044601440e-01 1.902908384799957275e-01 1.864133775234222412e-02 -3.060699999332427979e-01 -2.256619334220886230e-01 6.970275938510894775e-02 6.957411300390958786e-03 -2.413569390773773193e-01 2.351755797863006592e-01
-1.488535851240158081e-01 -1.971363788470625877e-03 1.604203432798385620e-01 2.107201963663101196e-01 8.672031760215759277e-02 -6.599495559930801392e-02 -3.629562556743621826e-01 2.195591926574707031e-01 -3.580183088779449463e-01 2.227190732955932617e-01 -1.930612772703170776e-01 -2.821327932178974152e-02 -2.714753746986389160e-01 3.659370839595794678e-01 -1.548087596893310547e-01 -3.031766116619110107e-01
1.954969316720962524e-01 -2.669553160667419434e-01 4.369203448295593262e-01 -3.511246293783187866e-02 -2.381269186735153198e-01 -3.244166672229766846e-01 -2.490524798631668091e-01 -5.652030557394027710e-02 3.452634513378143311e-01 -3.327650725841522217e-01 3.089435212314128876e-02 2.622707784175872803e-01 -3.167039528489112854e-02 2.024197578430175781e-01 -1.523810625076293945e-01 2.223653942346572876e-01
2.051256150007247925e-01 2.364270687103271484e-01 -6.740359216928482056e-02 1.320784687995910645e-01 -1.039942279458045959e-01 -3.504262864589691162e-01 -4.230600968003273010e-02 -4.356526136398315430e-01 3.862316310405731201e-01 -3.423864245414733887e-01 1.271677315235137939e-01 3.093574047088623047e-01 8.522670716047286987e-02 1.900798380374908447e-01 -1.553759574890136719e-01 -5.933113768696784973e-02
-8.653701096773147583e-02 -2.612539827823638916e-01 -1.140695065259933472e-01 -1.764362752437591553e-01 -2.941378951072692871e-01 -9.681797027587890625e-02 3.819930255413055420e-01 3.913649618625640869e-01 1.017654910683631897e-01 3.264576196670532227e-01 -1.288499683141708374e-01 -2.590181231498718262e-01 8.182480931282043457e-02 2.011744827032089233e-01 9.384826570749282837e-02 4.168987572193145752e-01
1.097750291228294373e-01 -2.440619766712188721e-01 -1.294007599353790283e-01 -3.594843149185180664e-01 -2.501444220542907715e-01 1.951764523983001709e-01 4.011440277099609375e-02 -1.905206441879272461e-01 3.157964646816253662e-01 -3.263559043407440186e-01 2.692350745201110840e-01 -1.950168013572692871e-01 -1.946177333593368530e-01 -1.840082854032516479e-01 -2.633585333824157715e-01 6.399002671241760254e-02
6.385391205549240112e-02 -2.657631412148475647e-02 -3.690648823976516724e-02 -7.997035235166549683e-02 -4.503034800291061401e-02 2.351432144641876221e-01 -3.125376999378204346e-01 -2.342517077922821045e-01 -1.912802159786224365e-01 1.288827657699584961e-01 1.462453901767730713e-01 -4.426719248294830322e-01 3.541205823421478271e-02 2.571700215339660645e-01 3.370647430419921875e-01 -4.332249164581298828e-01
-1.450033038854598999e-01 -1.548359990119934082e-01 -2.692895829677581787e-01 3.154861629009246826e-01 -3.117797076702117920e-01 1.805049180984497070e-01 -4.095743596553802490e-01 -4.076547324657440186e-01 7.079190015792846680e-02 -9.713518619537353516e-02 -3.703273534774780273e-01 -2.372635155916213989e-01 2.033909410238265991e-01 -4.216750264167785645e-01 -2.710573077201843262e-01 2.827550470829010010e-01
2.311965823173522949e-01 -2.615363523364067078e-02 4.507593344897031784e-03 -1.871369928121566772e-01 3.203525543212890625e-01 1.064989939332008362e-01 2.518405392765998840e-02 -1.053260266780853271e-01 4.375145733356475830e-01 3.870249390602111816e-01 8.296777307987213135e-02 4.488613009452819824e-01 1.331104934215545654e-01 2.988515980541706085e-02 7.905463874340057373e-02 -6.159292161464691162e-02
-2.218527942895889282e-01 -7.714173197746276855e-02 1.674100942909717560e-02 8.962833881378173828e-02 -8.854277431964874268e-02 -1.058975160121917725e-01 2.488491088151931763e-01 2.190863341093063354e-01 1.403951495885848999e-01 -8.830258250236511230e-02 1.365865916013717651e-01 -1.244702935218811035e-01 -1.916666626930236816e-01 8.765260875225067139e-02 -1.424472499638795853e-02 -1.511507779359817505e-01
2.904497683048248291e-01 -3.348267078399658203e-01 -3.621630370616912842e-01 -7.722295075654983521e-02 2.193373739719390869e-01 -1.450760811567306519e-01 7.683384418487548828e-02 -1.647231541574001312e-02 -1.480015516281127930e-01 -2.383506149053573608e-01 -4.462099820375442505e-02 1.885744631290435791e-01 5.963308364152908325e-02 2.082123756408691406e-01 -1.669050902128219604e-01 2.415352612733840942e-01
1.754634082317352295e-01 -3.578156530857086182e-01 9.258613735437393188e-02 -1.257870346307754517e-01 -4.085192382335662842e-01 2.456667125225067139e-01 -4.626893624663352966e-02 2.864186167716979980e-01 -3.429982066154479980e-01 -3.127339482307434082e-01 -3.359904289245605469e-01 2.456877678632736206e-01 1.729669868946075439e-01 -2.083936147391796112e-02 -6.294567137956619263e-02 -2.874017655849456787e-01
-4.631040245294570923e-02 -2.730319276452064514e-02 2.053735852241516113e-01 -1.503605097532272339e-01 -1.017472594976425171e-01 1.898912638425827026e-01 1.182100325822830200e-01 -2.193278521299362183e-01 1.836192756891250610e-01 2.354340106248855591e-01 -2.134651988744735718e-01 1.437642611563205719e-02 7.245114445686340332e-02 2.601806819438934326e-01 -1.860359311103820801e-01 -1.886324733495712280e-01
3.150948882102966309e-01 -5.748691409826278687e-02 9.160851687192916870e-02 -2.452218532562255859e-02 2.546207308769226074e-01 -2.929443120956420898e-01 1.660280525684356689e-01 2.969219386577606201e-01 7.966026663780212402e-02 -7.028912752866744995e-02 4.226635023951530457e-02 -1.617742031812667847e-01 1.919277608394622803e-01 -2.256422638893127441e-01 2.763153314590454102e-01 1.898533254861831665e-01
5.755194276571273804e-02 1.943688839673995972e-02 -2.354512810707092285e-01 2.765689790248870850e-01 9.767139703035354614e-02 1.054805144667625427e-01 -2.141754180192947388e-01 -5.211538821458816528e-02 -1.597049683332443237e-01 2.521291077136993408e-01 1.318387538194656372e-01 -6.678671389818191528e-02 7.950661331415176392e-02 3.835395351052284241e-02 2.430737763643264771e-01 1.992004960775375366e-01
1.388422548770904541e-01 -7.037319988012313843e-02 -3.671974316239356995e-02 -2.371704280376434326e-01 -5.316618084907531738e-02 -1.584845334291458130e-01 2.029370665550231934e-01 2.729333639144897461e-01 4.258466958999633789e-01 -2.695631682872772217e-01 -3.930675089359283447e-01 2.359776794910430908e-01 8.956469595432281494e-02 2.703345715999603271e-01 1.064503416419029236e-01 -3.963628709316253662e-01
1.693593263626098633e-01 7.878724485635757446e-02 1.095912829041481018e-01 2.155523896217346191e-01 -1.354186385869979858e-01 2.374212443828582764e-01 -6.279879063367843628e-02 -1.161608248949050903e-01 -1.019208431243896484e-01 1.503445059061050415e-01 2.907997071743011475e-01 1.217949576675891876e-02 5.176728218793869019e-02 2.397434711456298828e-01 4.190365672111511230e-01 -1.945262774825096130e-02
-3.510839641094207764e-01 -2.613575160503387451e-01 -6.512547377496957779e-03 -2.138976007699966431e-01 -2.485614269971847534e-01 2.631272375583648682e-01 1.230449378490447998e-01 3.719973862171173096e-01 -3.164615035057067871e-01 -3.437110185623168945e-01 -1.754360198974609375e-01 5.791991134174168110e-04 5.652975663542747498e-02 -6.068503484129905701e-02 1.478099972009658813e-01 1.115897670388221741e-01
1.301689352840185165e-02 1.979565471410751343e-01 2.903047949075698853e-02 3.347864747047424316e-01 -8.883664757013320923e-02 3.559651672840118408e-01 1.505952477455139160e-01 3.670974671840667725e-01 2.635578252375125885e-02 -2.400864660739898682e-01 1.763287931680679321e-01 -8.526867628097534180e-02 2.457060851156711578e-02 -3.017177581787109375e-01 2.408865094184875488e-02 2.637617886066436768e-01
-8.425316959619522095e-02 -2.517977058887481689e-01 -1.497177630662918091e-01 2.891457378864288330e-01 4.038035571575164795e-01 -1.327187269926071167e-01 -1.334058791399002075e-01 -3.403944373130798340e-01 -2.601493000984191895e-01 -1.309175323694944382e-02 -1.898668706417083740e-01 3.643231093883514404e-01 2.516012787818908691e-01 3.300405740737915039e-01 2.387503385543823242e-01 -1.923016756772994995e-01
