-2.796737849712371826e-01 -4.185352921485900879e-01 1.881701350212097168e-01 1.098641231656074524e-01
-7.695729285478591919e-02 3.571044802665710449e-01 1.940257698297500610e-01 -1.465099602937698364e-01
4.221837818622589111e-01 6.442227959632873535e-02 1.292646676301956177e-01 -8.466918021440505981e-02
-4.074545204639434814e-01 8.543538302183151245e-02 4.331599920988082886e-02 4.061880111694335938e-01
4.942530691623687744e-01 -3.457550406455993652e-01 3.137149512767791748e-01 1.591735333204269409e-01
-3.125102072954177856e-02 -3.323723971843719482e-01 1.787043362855911255e-01 2.478888332843780518e-01
-4.510264098644256592e-01 -3.484334349632263184e-01 1.121160462498664856e-01 -2.803847789764404297e-01
-3.731610476970672607e-01 2.574844062328338623e-01 2.045551389455795288e-01 1.495855003595352173e-01
4.877550005912780762e-01 -3.735754787921905518e-01 -1.130105108022689819e-01 -3.641898036003112793e-01
2.598150670528411865e-01 -2.518223226070404053e-01 3.882432356476783752e-03 -4.001269042491912842e-01
-4.222619235515594482e-01 -4.140210151672363281e-01 2.797289490699768066e-01 -1.608100682497024536e-01
4.053054153919219971e-01 -3.457048833370208740e-01 2.840934991836547852e-01 3.074090182781219482e-01
-1.105988621711730957e-01 2.248487668111920357e-03 -4.080360382795333862e-02 2.923293709754943848e-01
-3.585332930088043213e-01 3.829530775547027588e-01 -3.663749396800994873e-01 2.534565627574920654e-01
2.712446823716163635e-02 4.309053719043731689e-01 -2.662845849990844727e-01 2.931428328156471252e-02
6.794997304677963257e-02 2.302638143301010132e-01 2.079940736293792725e-01 -1.951858699321746826e-01
