-1.121963933110237122e-02
4.483570158481597900e-02
1.240081712603569031e-02
-1.892262138426303864e-02
-3.790117800235748291e-02
2.934599108994007111e-02
-1.444459240883588791e-02
0.000000000000000000e+00
7.813604921102523804e-02
5.886219069361686707e-02
-5.660090968012809753e-02
3.484930470585823059e-02
3.324041888117790222e-02
0.000000000000000000e+00
-1.512977201491594315e-02
-1.525092986412346363e-03
4.333480447530746460e-02
4.022102057933807373e-02
3.599039511755108833e-03
-3.406512737274169922e-02
1.023518620058894157e-03
-1.323705539107322693e-03
1.335197780281305313e-02
-2.891558222472667694e-02
8.197661489248275757e-02
-1.149801257997751236e-02
-7.196546345949172974e-02
-1.582688302733004093e-03
-5.314202606678009033e-02
0.000000000000000000e+00
2.148689527530223131e-04
2.061076276004314423e-02
