1.651242077350616455e-01 9.771341085433959961e-02 1.655377331189811230e-03 1.680192500352859497e-01
8.019393682479858398e-02 -6.422188878059387207e-02 -1.878180913627147675e-02 -3.686513900756835938e-01
-1.521455943584442139e-01 -2.341732680797576904e-01 9.152800589799880981e-02 -2.403396517038345337e-01
-2.332554459571838379e-01 -3.694182336330413818e-01 -6.688100099563598633e-02 -2.195228189229965210e-01
-4.410431161522865295e-02 -1.514066457748413086e-01 -2.824255526065826416e-01 1.638605147600173950e-01
3.252585828304290771e-01 2.166180014610290527e-01 -1.571639478206634521e-01 -2.964520156383514404e-01
2.805863916873931885e-01 2.737924456596374512e-01 3.277969956398010254e-01 8.940230309963226318e-02
-4.962796345353126526e-02 1.712124943733215332e-01 2.016457617282867432e-01 1.916978806257247925e-01
2.208785116672515869e-01 5.440191179513931274e-02 3.026288151741027832e-01 1.950387805700302124e-01
3.128395974636077881e-01 4.329162091016769409e-02 3.505021035671234131e-01 1.449782308191061020e-02
-7.327024638652801514e-02 -2.785148322582244873e-01 -3.469753861427307129e-01 2.338517308235168457e-01
-2.601849734783172607e-01 -1.328091323375701904e-01 2.453411370515823364e-01 -3.843641579151153564e-01
5.981050804257392883e-02 9.867561608552932739e-02 -1.121498867869377136e-01 1.224468350410461426e-01
1.595064997673034668e-01 6.959107704460620880e-04 1.961321830749511719e-01 7.498000562191009521e-02
3.374187946319580078e-01 6.125482544302940369e-02 -2.701213583350181580e-02 1.760164946317672729e-01
-2.115783244371414185e-01 1.462533026933670044e-01 -7.524387538433074951e-02 1.070743352174758911e-01
1.414652466773986816e-01 1.867603659629821777e-01 -1.514540165662765503e-01 -2.553324699401855469e-01
2.537823319435119629e-01 2.125231474637985229e-01 4.116531312465667725e-01 1.429429501295089722e-01
2.066935449838638306e-01 1.797956377267837524e-01 1.895607449114322662e-02 -3.662602901458740234e-01
-1.961825340986251831e-01 2.472303062677383423e-01 3.619756922125816345e-02 -4.331686347723007202e-02
1.761937290430068970e-01 -3.852273821830749512e-01 -1.230146512389183044e-01 1.029782295227050781e-01
-1.814217418432235718e-01 9.304611384868621826e-02 5.321767553687095642e-02 1.960130035877227783e-01
-2.377842664718627930e-01 1.003273427486419678e-01 2.219193875789642334e-01 2.684908360242843628e-02
1.218972951173782349e-01 4.081830009818077087e-02 -2.773858904838562012e-01 4.510718211531639099e-02
-6.800059229135513306e-02 9.685029089450836182e-02 3.410008847713470459e-01 -2.072680145502090454e-01
-1.828716695308685303e-01 -2.389118820428848267e-01 -2.276850193738937378e-01 -3.643780648708343506e-01
1.422521471977233887e-01 2.886883318424224854e-01 1.356270015239715576e-01 3.274782001972198486e-01
1.195725277066230774e-01 3.419297635555267334e-01 3.581042587757110596e-01 7.617806643247604370e-02
-1.289182454347610474e-01 -1.800948977470397949e-01 -1.708124727010726929e-01 1.764598190784454346e-01
4.200293682515621185e-03 1.066887006163597107e-02 -8.289415389299392700e-03 9.736128151416778564e-02
1.030876301229000092e-02 1.848247647285461426e-01 3.408952951431274414e-01 -2.691318690776824951e-01
2.642541937530040741e-02 -1.721145063638687134e-01 3.874773532152175903e-02 -3.576352894306182861e-01
