7.428552955389022827e-02
-3.343317657709121704e-02
9.658578783273696899e-02
3.479379788041114807e-02
1.424106024205684662e-02
4.978024214506149292e-02
-4.086608812212944031e-02
-4.590103868395090103e-03
7.830071449279785156e-02
7.215813547372817993e-02
-2.479670569300651550e-02
7.679013907909393311e-02
-1.250891666859388351e-02
-6.688866019248962402e-02
6.422663480043411255e-02
2.006948366761207581e-02
-9.734413027763366699e-02
7.795041799545288086e-02
-1.630193367600440979e-02
5.889433994889259338e-02
-3.792200237512588501e-02
9.182011336088180542e-02
7.434614002704620361e-02
8.201708644628524780e-02
-8.374657481908798218e-02
9.611919522285461426e-02
-3.427285235375165939e-03
-3.843759745359420776e-02
7.517789304256439209e-02
4.840902611613273621e-02
8.192186802625656128e-02
5.146278813481330872e-02
8.274865150451660156e-02
7.324483990669250488e-02
-5.834238976240158081e-02
5.405568704009056091e-02
6.858535110950469971e-02
9.168943017721176147e-02
-9.495072811841964722e-02
2.320069819688796997e-02
1.822584494948387146e-02
6.031879037618637085e-02
9.500999748706817627e-02
3.532841056585311890e-02
7.517779618501663208e-02
7.946533709764480591e-02
5.436956137418746948e-02
6.546457111835479736e-02
7.651830464601516724e-02
4.738906770944595337e-02
6.893153488636016846e-02
7.780410349369049072e-02
7.790444791316986084e-02
-5.750998854637145996e-02
-1.098214760422706604e-01
8.674029260873794556e-02
6.364830583333969116e-02
-6.710181385278701782e-02
7.517884671688079834e-02
-5.919263884425163269e-02
5.521985515952110291e-02
8.040951192378997803e-02
-3.100460954010486603e-02
-5.754647403955459595e-02
