3.591538872569799423e-03
9.120363742113113403e-02
8.803109824657440186e-02
7.722189277410507202e-02
5.562077462673187256e-02
2.660083957016468048e-02
5.983741953969001770e-02
2.605887874960899353e-02
7.717503607273101807e-02
8.389295078814029694e-03
3.563675656914710999e-02
1.131366267800331116e-01
5.263787880539894104e-02
-2.320368774235248566e-03
3.822625800967216492e-02
3.010251000523567200e-02
1.097160428762435913e-01
-7.098683621734380722e-03
5.217769369482994080e-02
3.658358752727508545e-02
1.237367745488882065e-02
1.195841953158378601e-01
4.209568724036216736e-02
3.317007049918174744e-02
9.395401179790496826e-02
2.980297897011041641e-03
1.072768196463584900e-01
5.113104358315467834e-02
4.927557334303855896e-02
4.170400649309158325e-02
9.108964353799819946e-02
6.346286088228225708e-02
4.142271354794502258e-02
1.171446638181805611e-03
6.557936966419219971e-02
9.336093813180923462e-02
2.652924880385398865e-02
5.617579817771911621e-02
2.189651876688003540e-02
7.277657091617584229e-02
1.011884510517120361e-01
3.016701899468898773e-02
4.596895724534988403e-02
2.592669986188411713e-02
4.299221932888031006e-02
1.540186442434787750e-02
1.600356586277484894e-02
2.948135603219270706e-03
-1.666250638663768768e-03
7.042773813009262085e-02
1.794059574604034424e-02
4.858188331127166748e-02
5.538460612297058105e-02
6.099134311079978943e-02
6.865974515676498413e-02
2.483834326267242432e-02
7.016023248434066772e-02
9.610755741596221924e-02
5.346274748444557190e-02
7.680574059486389160e-02
5.659569054841995239e-02
8.314988017082214355e-02
6.078159436583518982e-02
1.341882627457380295e-02
9.097047895193099976e-02
4.902331158518791199e-02
5.599131435155868530e-02
6.883807480335235596e-03
5.808336287736892700e-02
1.930386386811733246e-02
4.034179821610450745e-02
8.828314393758773804e-02
1.302940119057893753e-02
7.869183272123336792e-02
8.813631720840930939e-03
3.868619352579116821e-02
4.878106061369180679e-03
1.138724684715270996e-01
7.670076191425323486e-02
1.472449302673339844e-01
6.113211810588836670e-02
1.571782529354095459e-01
8.127968758344650269e-02
5.588378384709358215e-02
4.509175941348075867e-02
5.039105936884880066e-02
7.631239295005798340e-02
3.857627883553504944e-02
1.300532370805740356e-02
7.329472154378890991e-02
7.069481164216995239e-02
7.663562893867492676e-02
-1.697419583797454834e-02
1.651793718338012695e-02
6.375402957201004028e-02
-9.097193367779254913e-03
5.988007411360740662e-02
5.684369429945945740e-02
1.039698123931884766e-01
6.719970609992742538e-03
6.162833422422409058e-02
2.467373944818973541e-02
1.080451458692550659e-01
7.862953096628189087e-02
3.850264847278594971e-02
1.075382530689239502e-01
6.374402344226837158e-02
2.506609074771404266e-02
1.746048778295516968e-02
9.785345941781997681e-02
8.185934275388717651e-02
3.192716836929321289e-02
2.538134343922138214e-02
9.506528079509735107e-02
1.177351921796798706e-01
6.796268373727798462e-02
3.037700429558753967e-03
1.589424093253910542e-03
1.428743731230497360e-02
8.906127512454986572e-02
2.423399314284324646e-02
1.274661254137754440e-02
3.242122009396553040e-02
8.349519968032836914e-02
7.595835486426949501e-04
9.646248072385787964e-02
9.532288461923599243e-02
6.180509552359580994e-02
