2.693451754748821259e-02
6.217492744326591492e-02
4.285631701350212097e-02
-8.599196560680866241e-03
6.622022390365600586e-02
7.108358293771743774e-02
3.086175210773944855e-02
-1.350875385105609894e-02
-2.276599034667015076e-02
5.453614145517349243e-02
5.057381466031074524e-02
3.565473482012748718e-02
1.168198138475418091e-02
7.743578404188156128e-02
2.210797742009162903e-02
5.423523485660552979e-02
8.387728780508041382e-02
6.509807705879211426e-02
5.182899534702301025e-02
2.091792970895767212e-02
2.113857120275497437e-02
2.141841873526573181e-02
2.635982818901538849e-02
-1.839205808937549591e-02
1.065609827637672424e-01
6.588976085186004639e-02
2.737015672028064728e-02
-1.525758858770132065e-02
6.910696625709533691e-02
1.480641588568687439e-02
9.440588764846324921e-03
1.147485710680484772e-02
-6.467554252594709396e-03
1.576276379637420177e-03
1.943916641175746918e-02
6.354741752147674561e-02
7.167454063892364502e-02
3.016143850982189178e-02
4.660618305206298828e-02
1.607285439968109131e-02
4.751349240541458130e-02
1.138598546385765076e-01
3.119941800832748413e-02
2.221931517124176025e-02
6.528945267200469971e-02
7.587757706642150879e-02
2.348327077925205231e-02
2.014567889273166656e-02
8.140095323324203491e-02
-4.897475242614746094e-03
-1.780797354876995087e-02
9.666068106889724731e-02
5.120529606938362122e-02
-2.637095935642719269e-02
1.265533827245235443e-02
-2.193096466362476349e-02
6.451813876628875732e-02
6.203280761837959290e-02
7.170358300209045410e-02
7.664267718791961670e-02
7.468261569738388062e-02
2.792863175272941589e-02
3.193580731749534607e-02
8.254656195640563965e-02
