-2.558087408542633057e-01 1.737475246191024780e-01
1.768060326576232910e-01 -1.901243031024932861e-01
-9.665782749652862549e-02 -6.548933684825897217e-02
1.659065932035446167e-01 3.010044991970062256e-01
-1.575825959444046021e-01 2.968045175075531006e-01
1.721188277006149292e-01 3.602954000234603882e-02
3.077073097229003906e-01 4.092707112431526184e-02
2.781257629394531250e-01 -1.582331657409667969e-01
7.078102976083755493e-02 1.220383197069168091e-01
2.197516858577728271e-01 4.885047301650047302e-02
1.066614165902137756e-01 -7.752917706966400146e-02
-1.285163164138793945e-01 -2.005729526281356812e-01
1.648825854063034058e-01 -1.990993022918701172e-01
-1.478759646415710449e-01 7.156871724873781204e-03
1.503468602895736694e-01 -1.807371079921722412e-01
3.374960124492645264e-01 2.545211613178253174e-01
-1.381165236234664917e-01 -9.831559658050537109e-02
-2.111253887414932251e-01 -1.853171586990356445e-01
-6.110967695713043213e-02 -1.044004410505294800e-01
-2.389382421970367432e-01 9.454482235014438629e-03
1.632815748453140259e-01 9.107799828052520752e-02
3.079291880130767822e-01 -2.538093030452728271e-01
-2.938544452190399170e-01 1.649785488843917847e-01
4.077615439891815186e-01 1.208467930555343628e-01
1.408446729183197021e-01 7.685323804616928101e-02
1.826095879077911377e-01 1.897763013839721680e-01
5.263400450348854065e-02 3.357708752155303955e-01
2.193311452865600586e-01 2.804924249649047852e-01
2.542037963867187500e-01 -3.450917080044746399e-03
2.335823476314544678e-01 1.522749960422515869e-01
-1.692674010992050171e-01 -3.254739195108413696e-02
6.143162772059440613e-02 -1.908655650913715363e-02
2.628825604915618896e-01 3.358536958694458008e-01
2.498313039541244507e-01 1.337658613920211792e-01
-9.750079363584518433e-02 -3.601176664233207703e-03
-1.814532577991485596e-01 1.427608579397201538e-01
-3.689330443739891052e-02 -2.039049267768859863e-01
2.217926681041717529e-01 -1.527637690305709839e-01
2.796776294708251953e-01 -4.145814478397369385e-02
1.408759504556655884e-01 1.228565871715545654e-01
-2.451509535312652588e-01 -1.625163853168487549e-01
1.114014089107513428e-01 3.058113753795623779e-01
3.293333947658538818e-01 2.389183491468429565e-01
1.602493077516555786e-01 2.444171011447906494e-01
-2.242669276893138885e-02 -1.943885684013366699e-01
-6.123561412096023560e-02 2.145429849624633789e-01
-8.845298737287521362e-02 -5.504591763019561768e-02
7.964067906141281128e-02 -1.236091107130050659e-01
1.432895362377166748e-01 3.058141842484474182e-02
4.558435082435607910e-02 1.613957136869430542e-01
2.750802040100097656e-01 2.212743014097213745e-01
2.309229075908660889e-01 2.649910449981689453e-01
1.242044419050216675e-01 1.707560569047927856e-01
-2.819980978965759277e-01 -1.125794425606727600e-01
1.515723168849945068e-01 4.437059909105300903e-02
-6.429686397314071655e-02 -1.828192174434661865e-01
1.297503709793090820e-01 2.494741231203079224e-01
-2.981112897396087646e-01 1.268261671066284180e-01
1.682924479246139526e-01 1.313472241163253784e-01
-5.413125082850456238e-02 -8.242827653884887695e-02
4.747474740725010633e-04 -2.031229436397552490e-01
1.571808010339736938e-01 4.422579333186149597e-02
1.235291883349418640e-01 1.053072363138198853e-01
1.731129586696624756e-01 -1.105785220861434937e-01
