3.255083262920379639e-01 2.762759570032358170e-03
-3.875671699643135071e-02 -4.113537073135375977e-01
-1.934577226638793945e-01 -1.262864917516708374e-01
4.058718979358673096e-01 4.192077219486236572e-01
-4.470835626125335693e-01 3.708175616338849068e-03
4.153354465961456299e-01 -3.904106616973876953e-01
1.193618550896644592e-01 1.964916288852691650e-01
-3.474980592727661133e-01 -9.412405639886856079e-02
1.838659793138504028e-01 4.637742936611175537e-01
2.527404427528381348e-01 2.481645047664642334e-01
-2.692279219627380371e-01 -2.787801623344421387e-01
-5.737637877464294434e-01 -1.597310155630111694e-01
1.275030076503753662e-01 4.941869378089904785e-01
-1.040953770279884338e-01 -2.332459092140197754e-01
2.408103644847869873e-02 -4.193617403507232666e-01
4.315292835235595703e-01 -4.354332089424133301e-01
